158
584.115  355.884  265.215  388.429
189.906  181.523  277.937  160.527
143.826  298.353  222.735  151.677
423.108  433.252  209.499  321.147
344.484  289.252  255.958  257.061
443.51  311.559  265.289  309.061
386.48  278.914  267.408  278.163
595.401  239.093  311.491  374.936
331.577  416.578  201.55  270.37
504.746  239.105  299.333  331.028
386.48  278.914  267.627  278.215
208.426  313.574  227.524  190.909
402.624  420.626  214.497  307.54
119.899  380.961  183.655  150.158
421.256  410.824  221.236  315.403
529.023  483.133  207.406  380.869
501.686  320.838  267.118  342.718
237.195  384.49  201.888  215.933
538.586  476.934  210.159  386.046
220.364  416.05  193.551  216.869
494.595  368.959  246.964  346.78
292.069  277.947  254.037  229.012
538.301  145.589  338.966  333.243
182.341  529.245  128.147  206.139
155.697  309.593  219.989  160.364
215.681  344.619  214.42  197.28
161.22  347.885  204.883  169.132
97.7459  410.403  167.985  142.525
331.577  416.578  201.517  270.573
342.198  245.682  274.539  250.788
292.264  397.65  203.408  246.587
293.297  108.898  321.047  205.135
183.735  323.127  219.539  179.082
306.315  107.631  323.203  211.833
181.665  482.964  149.249  198.994
591.524  520.928  199.805  420.102
324.982  207.981  286.423  235.369
170.265  549.396  118.144  202.834
400.163  176.035  309.716  269.318
190.862  257.874  246.891  172.676
457.961  164.068  321.693  297.117
316.328  408.261  205.506  262.037
101.275  381.97  180.358  140.573
562.122  294.843  285.513  367.907
385.592  109.116  332.526  253.565
220.12  362.976  208.03  203.745
511.404  480.726  204.668  373.431
581.12  506.251  204.522  413.045
329.165  297.881  250.583  250.224
616.973  133.468  353.182  368.997
405.4  332.863  248.555  295.653
338.389  312.263  245.913  257.298
402.624  420.626  215.23  307.727
451.333  369.745  240.441  324.615
522.049  197.891  317.633  334.383
378.903  311.874  252.425  278.756
327.336  327.453  238.166  253.854
552.763  461.75  219.113  390.446
363.222  373.268  224.824  280.028
206.736  460.623  163.437  209.43
529.427  300.713  279.426  353.067
201.041  330.812  217.544  187.717
603.288  88.3351  367.828  355.72
172.397  401.357  182.897  182.293
173.421  498.766  140.401  197.293
351.908  255.493  271.795  256.178
254.093  447.591  177.825  234.735
456.738  153.354  326.005  294.262
202.1  196.028  274.377  169.861
328.672  368.591  221.086  260.81
405.925  106.527  336.69  262.101
423.108  433.252  209.974  320.418
333.201  300.269  251.575  253.747
443.51  311.559  266.852  308.043
477.401  217.495  304.165  313.785
503.173  391.098  239.952  354.774
232.88  279.024  244.672  196.685
459.215  139.569  330.74  293.213
170.439  377.528  193.575  178.727
164.754  277.287  233.701  158.964
377.604  124.427  325.123  251.205
261.074  474.3  168.246  241.7
447.023  153.985  323.404  289.265
435.478  411.216  220.132  323.595
108.497  347.417  195.417  138.699
242.13  453.852  173.487  228.229
415.111  391.195  226.058  309.503
507.441  307.393  273.964  343.26
266.209  491.089  161.426  246.789
193.945  400.677  187.169  193.08
186.866  270.09  244.124  176.833
583.304  337.419  271.622  385.133
527.054  127.824  343.057  325.054
376.032  370.057  229.022  287.307
460.599  426.084  220.183  338.639
405.975  78.0752  347.072  259.405
580.441  272.924  297.382  373.004
541.454  333.973  266.545  366.058
318.711  235.194  274.011  235.682
355.125  350.942  235.34  274
224.605  251.093  253.896  188.788
618.999  191.579  332.969  378.432
290.536  381.746  211.131  242.849
351.565  390.866  215.913  277.795
395.985  289.976  264.805  283.918
428.25  451.865  203.606  327.133
468.112  443.262  214.006  345.6
194.755  493.287  146.92  208.995
217.523  333.577  220.339  196.849
632.917  178.234  338.218  379.944
165.338  144.979  288.295  144.415
657.501  463.449  234.564  441.108
644.411  177.706  341.404  388.161
172.397  401.357  182.901  182.902
527.054  127.824  342.905  325.222
444.415  132.93  333.547  284.686
340.606  334.47  237.966  261.774
170.912  218.166  259.906  158.202
515.037  318.644  269.398  347.585
574.279  397.057  248.601  390.352
303.205  352.486  226.683  245.851
554.492  136.735  344.911  338.833
419.032  221.735  293.03  284.911
149.924  326.824  210.419  158.806
242.591  359.396  212.855  213.37
296.057  461.431  177.109  259.383
292.069  277.947  254.677  228.361
219.486  203.372  274.434  179.823
388.844  419.704  209.434  300.213
153.895  266.124  236.996  153.415
289.866  147.467  307.062  207.553
329.165  297.881  250.285  251.804
165.188  442.226  164.604  185.625
426.473  218.628  296.906  290.608
353.58  115.773  329.31  235.737
363.222  373.268  226.002  281.613
396.116  346.214  245.587  291.504
448.212  449.808  207.165  335.051
331.374  137.912  313.491  229.637
261.246  428.702  189.035  234.925
656.269  443.429  242.707  436.896
213.051  186.553  278.092  174.186
288.407  110.167  319.583  200.862
170.246  336.313  209.533  171.806
369.582  314.003  257.952  278.017
287.149  200.494  283.099  215.378
286.173  361.043  218.615  239.559
379.349  294.506  262.455  278.948
568.246  300.244  285.971  371.645
622.484  515.942  208.692  434.082
216.752  438.457  176.126  211.312
255.342  407.718  194.605  227.068
318.922  138.223  314.971  222.866
329.43  184.403  298.803  232.505
290.536  381.746  211.031  241.654
611.073  264.11  305.861  386.115
414.439  447.48  203.495  320.304
353.319  295.269  252.515  263.757
