142
552.763  461.75  218.061  390.378
413.669  410.691  216.498  312.141
331.818  122.266  320.38  225.205
194.174  208.457  267.002  169.389
266.209  491.089  160.576  246.964
356.892  147.743  313.295  244.217
656.269  443.429  241.489  436.726
393.473  361.964  234.398  293.835
145.289  168.165  275.599  137.137
261.074  474.3  167.385  241.779
529.427  300.713  278.271  353.532
529.427  300.713  278.324  353.185
351.908  255.493  270.621  256.307
306.315  107.631  321.902  212.345
170.265  549.396  117.474  202.942
359.088  263.069  268.797  261.322
342.944  351.328  230.187  265.931
360.194  88.8488  335.104  238.338
229.265  236.476  260.584  190.334
451.333  369.745  239.238  324.85
405.88  247.219  280.948  282.803
407.153  295.234  264.129  290.327
423.108  433.252  208.888  320.446
155.697  309.593  219.199  160.692
327.336  327.453  237.166  254.113
359.088  263.069  268.812  261.132
304.963  377.611  212.646  249.548
328.672  368.591  220.093  261.054
215.681  344.619  213.542  197.449
405.925  106.527  335.431  262.514
329.165  297.881  249.684  250.359
242.13  453.852  172.328  228.523
134.143  340.171  203.189  153.414
185.802  509.578  137.796  205.425
261.246  428.702  188.343  235.559
363.222  373.268  223.74  280.136
190.683  157.019  286.766  159.754
324.982  207.981  285.402  235.675
290.536  381.746  210.116  243.002
303.205  352.486  225.644  245.98
282.249  405.816  198.878  242.713
448.011  327.258  256.73  316.241
186.866  270.09  243.368  177.008
292.069  277.947  252.586  228.769
389.976  81.8705  342.137  251.609
511.404  480.726  203.523  373.543
405.4  332.863  247.352  295.309
571.905  495.326  206.675  405.964
569.84  460.185  220.773  398.835
293.297  108.898  319.955  205.628
181.665  482.964  150.656  200.725
581.12  506.251  203.185  412.951
224.035  130.141  302.116  173.379
654.795  411.421  253.218  431.258
173.421  498.766  141.292  197.98
501.686  320.838  265.885  342.766
417.738  311.448  258.123  298.875
421.256  410.824  220.121  315.553
261.246  428.702  188.157  235.229
423.108  433.252  208.407  321.192
385.592  109.116  331.198  253.916
99.3226  396.794  173.336  141.635
459.215  139.569  329.591  293.416
170.439  377.528  192.808  178.828
397.389  128.243  325.829  262.196
237.195  384.49  200.972  216.084
101.275  381.97  180.233  140.8
153.895  266.124  236.271  153.783
329.165  297.881  250.657  250.522
567.765  392.111  247.379  386.75
170.912  218.166  259.163  158.447
501.785  359.69  249.842  349.363
135.85  107.553  298.736  125.258
101.275  381.97  180.388  140.894
288.407  110.167  319.212  202.466
161.22  347.885  203.757  169.737
315.28  212.332  283.025  231.094
189.906  181.523  277.013  160.938
361.39  311.717  248.214  269.962
438.253  417.003  225.41  322.682
529.023  483.133  206.184  380.712
326.867  388.27  213.643  262.804
242.591  359.396  211.996  213.752
208.71  359.812  207.366  196.401
563.45  313.888  277.492  371.839
171.515  467.281  153.4  191.908
232.88  279.024  243.723  196.836
237.505  294.622  238.133  201.674
342.198  245.682  273.372  251.186
402.624  420.626  214.306  307.696
396.116  346.214  244.275  291.558
217.523  333.577  219.485  197.118
448.212  449.808  206.217  335.218
327.336  327.453  236.661  254.55
331.577  416.578  200.621  270.681
460.599  426.084  219.135  338.676
641.719  482.964  222.694  436.704
325.121  263.059  264.149  242.981
468.112  443.262  212.853  345.605
541.454  333.973  265.387  366.111
220.364  416.05  193.895  217.533
320.113  354.445  226.489  255.791
202.1  196.028  273.522  170.144
546.687  164.816  331.774  340.244
419.032  221.735  291.594  285.036
562.122  294.843  284.329  367.971
256.03  339.903  222.147  220.179
331.374  137.912  312.469  229.92
414.439  447.48  201.985  319.365
541.7  124.956  345.46  331.481
271.252  84.2923  325.623  187.991
237.505  294.622  237.783  200.471
386.639  182.668  303.015  263.871
428.25  451.865  202.486  327.239
473.581  253.799  287.078  318.822
290.536  381.746  210.195  241.903
165.188  442.226  163.802  185.935
234.734  507.348  39.9968  198.778
551.047  218.458  314.486  349.737
515.037  318.644  268.304  347.569
387.854  138.798  322.705  258.076
244.416  283.999  243.973  203.035
338.389  312.263  245.826  259.445
139.026  271.63  231.247  147.816
322.614  453.005  183.964  272.416
527.054  127.824  342.061  325.111
393.473  361.964  233.529  295.636
363.222  373.268  224.922  281.693
237.505  294.622  238.465  200.261
306.713  284.116  250.997  238.423
411.215  63.7475  351.815  261.125
554.492  136.735  340.716  337.976
493.881  178.012  319.066  317.439
271.16  282.153  250.101  217.583
527.054  127.824  341.579  325.412
563.726  362.103  260.459  382.494
414.439  447.48  202.454  320.359
259.116  121.778  311.961  192.808
313.34  481.488  174.951  273.05
557.234  194.197  320.664  349.076
353.58  115.773  328.407  235.951
313.34  481.488  174.951  273.05
