138
236.295  512.918  145.511  235.496
331.374  137.912  312.882  229.644
165.188  442.226  164.04  185.614
359.088  263.069  269.508  260.797
657.501  463.449  234.486  440.779
211.845  475.531  158.848  214.092
282.594  419.496  194.517  243.84
541.7  124.956  346.184  331.344
173.421  498.766  141.29  197.831
405.4  332.863  247.985  295.739
459.215  139.569  330.214  293.253
473.581  253.799  288.112  318.27
181.665  482.964  149.393  200.317
501.785  359.69  247.23  351.288
351.908  255.493  271.176  256.116
324.982  207.981  285.841  235.384
417.738  311.448  259.757  297.513
170.439  377.528  192.922  178.554
258.398  281.914  250.124  207.45
451.333  369.745  239.755  324.836
216.752  438.457  175.467  211.187
155.697  309.593  219.352  160.327
494.595  368.959  246.439  346.685
154.469  332.818  209.705  162.024
266.209  491.089  160.728  246.815
477.401  217.495  303.611  313.943
359.088  263.069  269.348  261.197
143.826  298.353  222.165  151.641
288.407  110.167  319.605  202.031
386.639  182.668  303.781  263.481
153.895  266.124  236.598  153.33
451.333  369.745  239.087  325.825
335.334  209.002  288.503  239.831
652.342  366.523  270.437  422.722
196.517  441.311  170.537  200.746
276.063  171.949  293.937  204.432
292.069  277.947  253.453  228.962
414.439  447.48  202.389  319.434
405.88  247.219  281.58  282.54
557.685  355.706  260.742  375.856
451.333  369.745  239.797  325.458
306.315  107.631  322.362  211.881
546.687  164.816  332.568  340.057
386.48  278.914  266.791  278.21
328.809  265.008  263.967  246.445
290.536  381.746  210.476  242.922
552.763  461.75  218.399  390.796
292.069  277.947  254.135  228.391
260.98  474.553  167.505  241.695
378.903  311.874  251.802  278.858
237.195  384.49  201.247  215.894
232.88  279.024  244.014  196.567
415.111  391.195  225.466  309.564
327.131  404.864  206.59  265.805
293.297  108.898  320.458  205.166
493.912  352.098  253.657  343.678
251.975  411.389  193.901  225.798
567.765  392.111  247.97  386.908
616.973  133.468  352.534  369.106
423.108  433.252  209.218  320.587
386.48  278.914  266.971  278.27
201.041  330.812  217.12  187.595
428.25  451.865  203.066  327.231
309.281  126.913  314.8  216.983
493.881  178.012  319.762  317.311
215.681  344.619  213.777  197.353
435.478  411.216  219.612  323.634
574.279  397.057  247.872  390.53
340.606  334.47  237.441  261.78
125.002  409.73  172.742  157.281
561.46  452.035  223.728  393.671
286.173  361.043  216.733  239.012
229.265  236.476  261.018  190.109
529.427  300.713  278.778  353.236
652.342  366.523  270.907  423.049
172.397  401.357  182.227  182.884
603.288  88.3351  367.079  356.033
561.686  470.392  216.552  396.859
509.284  189.501  319.067  325.736
165.188  442.226  165.235  185.141
401.684  348.642  241.984  294.312
242.591  359.396  212.213  213.301
460.599  426.084  219.749  338.731
368.051  150.243  317.766  247.19
568.246  300.244  285.148  371.747
572.581  281.138  292.425  369.14
194.755  493.287  146.288  209.017
529.427  300.713  278.613  353.553
285.841  386.505  209.781  237.802
527.796  482.467  205.764  380.525
139.026  271.63  233.804  145.42
202.428  417.458  181.836  202.665
433.921  252.432  283.971  298.848
256.03  339.903  223.928  215.339
444.415  132.93  333.065  284.598
557.877  181.416  329.37  347.829
611.073  264.11  304.438  386.922
143.826  298.353  220.92  151.959
363.222  373.268  225.424  281.724
165.338  144.979  287.743  144.353
224.035  130.141  302.552  172.837
271.16  282.153  250.568  217.443
310.734  396.506  207.989  257.728
303.205  352.486  225.979  245.821
172.397  401.357  182.236  182.266
202.1  196.028  273.778  169.822
352.858  477.105  179.53  291.019
337.388  167.323  303.101  234.76
108.497  347.417  194.804  138.755
327.336  327.453  237.527  253.921
135.85  107.553  298.259  123.804
206.736  460.623  162.789  209.41
622.484  515.942  208.319  434.249
344.484  289.252  255.379  257.03
338.389  312.263  245.268  257.324
387.854  138.798  323.09  257.598
288.407  110.167  318.815  200.763
405.975  78.0752  346.584  259.282
220.12  362.976  206.098  202.403
190.683  157.019  287.027  159.391
155.697  309.593  219.738  161.855
185.802  509.578  137.838  205.294
226.62  318.809  225.63  199.126
560.603  108.966  355.025  339.191
232.201  373.637  203.66  210.236
414.439  447.48  202.759  320.482
557.234  194.197  321.227  348.59
331.577  416.578  200.814  270.478
396.116  346.214  244.809  291.623
101.986  340.564  198.962  135.287
219.486  203.372  274.077  179.83
278.178  433.317  185.368  244.745
353.58  115.773  328.987  235.685
148.181  325.088  210.309  157.432
340.041  381.889  217.042  268.585
316.328  408.261  205.006  262.129
266.209  491.089  159.883  245.436
143.826  298.353  220.92  151.959
