144
194.174  208.457  268.124  169.742
232.88  279.024  244.697  197.112
569.84  460.185  221.815  399.005
155.697  309.593  220.115  160.975
459.215  139.569  330.653  293.531
354.507  417.089  205.749  282.414
432.118  259.628  279.548  295.527
447.023  153.985  323.233  289.688
385.592  109.116  332.35  253.957
237.195  384.49  201.296  215.517
328.809  265.008  265.109  243.067
397.389  128.243  326.891  262.288
237.195  384.49  201.947  216.273
447.023  153.985  324.547  289.803
568.246  300.244  285.865  371.773
161.22  347.885  205.012  169.761
282.249  405.816  199.942  242.894
202.1  196.028  274.31  170.592
215.681  344.619  214.531  197.65
376.032  370.057  228.092  286.424
581.12  506.251  204.302  413.06
503.173  391.098  239.873  355.006
358.247  438.821  196.761  287.922
387.854  138.798  323.635  258.084
407.157  203.071  301.213  277.121
266.209  491.089  161.524  247.203
419.296  338.915  247.956  304.31
155.697  309.593  220.469  162.545
272.938  93.3376  324.492  194.584
237.505  294.622  239.113  201.864
415.111  391.195  225.961  309.855
278.001  172.342  329.912  115.379
172.397  401.357  183.049  182.778
652.342  366.523  271.53  422.858
237.505  294.622  238.736  200.633
417.738  311.448  259.163  299.091
342.198  245.682  274.447  251.261
181.665  482.964  150.232  200.802
571.905  495.326  207.887  406.077
290.536  381.746  211.13  243.227
108.782  394.327  175.596  145.777
108.497  347.417  195.585  139.534
176.474  563.231  114.476  209.389
242.13  453.852  173.502  228.709
428.25  451.865  203.098  326.555
494.595  368.959  247.193  347.034
435.478  411.216  220.239  323.831
306.713  284.116  253.895  238.463
572.581  281.138  292.971  369.234
571.098  477.012  215.504  402.392
557.877  181.416  329.487  348.077
190.862  257.874  246.987  173.331
444.415  132.93  330.769  285.132
412.701  428.289  211.463  313.412
400.163  176.035  309.62  269.779
386.48  278.914  267.402  278.518
378.903  311.874  252.368  279.18
552.763  461.75  219.046  390.688
165.188  442.226  164.58  184.319
185.802  509.578  138.76  205.768
477.401  217.495  304.201  314.194
656.269  443.429  242.531  436.837
359.088  263.069  269.922  261.471
305.822  431.609  192.671  259.753
294.31  484.535  170.728  262.226
389.976  81.8705  343.177  251.643
563.371  487.772  210.064  400.501
405.4  332.863  248.501  295.414
346.34  430.556  198.145  280.806
165.188  442.226  164.923  186.164
242.591  359.396  212.937  213.878
170.912  218.166  260.062  158.885
351.908  255.493  271.775  256.54
226.62  318.809  226.255  199.695
158.375  392.964  185.718  174.034
239.904  442.375  177.453  226.755
426.454  371.767  234.831  312.905
338.389  312.263  245.908  257.682
367.89  416.701  209.985  289.94
244.416  283.999  245.005  203.205
201.275  138.942  296.001  164.104
354.507  417.089  206.783  283.284
224.035  130.141  303.083  173.298
402.624  420.626  214.356  307.957
153.895  266.124  237.199  154.018
386.639  182.668  304.039  264.038
395.985  289.976  264.056  284.314
529.427  300.713  279.208  353.305
282.544  261.111  260.664  220.26
143.826  298.353  221.835  152.553
99.3226  396.794  174.424  141.893
101.275  381.97  181.349  141.138
355.125  350.942  235.503  274.25
368.051  150.243  318.272  247.55
541.7  124.956  346.588  331.462
176.474  563.231  114.17  208.475
413.669  410.691  217.319  313.818
457.961  164.068  321.534  297.54
584.115  355.884  265.09  388.553
331.577  416.578  202.574  271.44
271.252  84.2923  327.591  191.104
327.336  327.453  237.678  254.697
391.999  327.071  249.546  289.274
206.245  174.132  282.773  169.199
282.594  419.496  195.185  244.335
421.458  323.421  253.849  302.597
293.297  108.898  320.972  205.699
196.517  441.311  171.343  201.234
411.215  63.7475  352.876  261.255
331.577  416.578  200.644  271.23
290.536  381.746  211.242  242.115
402.624  420.626  214.939  308.121
504.746  239.105  299.161  331.33
186.866  270.09  244.179  177.678
421.256  410.824  218.776  314.598
515.037  318.644  269.433  347.853
538.301  145.589  338.689  333.504
216.752  438.457  176.26  211.65
220.364  416.05  194.938  217.767
602.905  408.899  249.24  406.984
286.173  361.043  218.646  239.987
211.845  475.531  159.71  214.551
331.374  137.912  313.351  230.196
210.978  490.714  152.655  216.061
291.668  87.5804  327.598  203.032
285.841  386.505  210.182  241.037
139.026  271.63  232.08  148.077
516.315  297.139  278.034  346.584
318.711  235.194  274.13  236.028
329.165  297.881  250.279  252.247
595.401  239.093  311.053  374.802
562.122  294.843  285.178  368.02
259.116  121.778  313.014  193.089
527.054  127.824  342.743  325.512
271.16  282.153  251.286  217.818
557.234  194.197  321.789  349.069
598.866  204.002  324.584  371.436
275.566  97.8486  326.157  196.236
541.454  333.973  266.51  366.186
337.388  167.323  303.976  235.093
603.288  88.3351  367.322  356.116
292.069  277.947  251.99  229.043
101.986  340.564  200.447  134.788
273.5  231.041  580.011  116.936
