146
529.427  300.713  279.451  353.141
359.088  263.069  269.908  261.309
402.624  420.626  214.412  307.721
292.069  277.947  253.536  228.783
459.215  139.569  330.595  293.361
398.976  86.1096  300.287  378.341
414.439  447.48  203.105  319.549
267.863  82.4241  329.678  192.173
413.669  410.691  217.352  313.656
202.1  196.028  274.35  170.062
386.639  182.668  304.197  263.777
417.738  311.448  259.31  298.865
428.25  451.865  203.521  327.387
448.011  327.258  257.89  316.222
315.28  212.332  284.01  231.065
395.985  289.976  264.857  284.08
391.999  327.071  248.788  288.575
616.973  133.468  353.093  369.038
293.297  108.898  320.921  205.42
108.782  394.327  175.35  145.44
181.665  482.964  149.29  199.253
278.178  433.317  185.991  244.934
538.301  145.589  338.857  333.405
143.826  298.353  222.688  151.995
468.112  443.262  213.987  345.696
407.153  295.234  265.348  290.217
224.035  130.141  302.986  172.957
217.523  333.577  220.4  197.02
460.599  426.084  220.019  338.779
154.469  332.818  210.303  162.304
125.002  409.73  173.374  157.687
261.246  428.702  189.025  235.153
239.559  345.063  217.586  210.32
443.51  311.559  265.229  309.28
278.178  433.317  185.539  244.85
176.474  563.231  114.305  209.218
226.62  318.809  226.204  199.321
396.116  346.214  245.522  291.681
173.421  498.766  140.211  197.538
652.342  366.523  271.514  422.945
598.866  204.002  324.758  371.364
405.88  247.219  282.067  282.769
393.473  361.964  235.489  293.891
266.209  491.089  161.365  246.886
172.397  401.357  182.872  182.5
329.165  297.881  250.279  251.999
395.985  289.976  264.123  284.135
447.023  153.985  323.055  289.557
171.515  467.281  154.087  191.824
402.624  420.626  215.103  307.907
527.054  127.824  343.209  325.127
290.536  381.746  211.133  243.045
451.333  369.745  239.63  325.879
378.903  311.874  252.373  278.982
368.051  150.243  318.559  247.034
500.882  340.292  259.369  345.365
237.505  294.622  239.058  201.679
155.697  309.593  219.964  160.614
457.961  164.068  321.608  297.297
176.474  563.231  113.998  208.235
335.334  209.002  289.013  239.98
494.595  368.959  247.047  346.935
270.777  500.698  156.749  252.181
229.265  236.476  261.507  190.314
473.581  253.799  288.364  318.615
258.674  207.74  275.759  199.98
325.121  263.059  264.855  243.086
193.945  400.677  187.143  193.241
276.063  171.949  294.397  204.569
572.714  267.051  297.658  368.382
405.4  332.863  248.499  295.348
97.0221  426.513  160.619  144.542
221.177  230.452  262.717  183.627
237.195  384.49  201.836  216.087
327.131  404.864  207.168  265.837
527.054  127.824  342.895  325.265
376.032  370.057  228.193  286.461
285.841  386.505  210.165  240.709
190.862  257.874  246.841  172.877
638.96  165.837  343.507  383.539
242.591  359.396  212.848  213.593
552.763  461.75  219.309  390.646
447.023  153.985  324.528  289.593
271.16  282.153  251.274  217.531
342.198  245.682  274.459  250.887
561.686  470.392  216.934  396.899
143.826  298.353  221.552  152.217
216.752  438.457  176.114  211.349
584.115  355.884  265.215  388.547
527.054  127.824  342.773  325.424
421.458  323.421  253.902  302.353
391.999  327.071  249.56  289.129
567.765  392.111  248.52  386.922
331.374  137.912  313.435  229.868
165.188  442.226  165.815  185.43
354.507  417.089  205.726  282.289
405.975  78.0752  347.007  259.583
302.333  351.406  226.649  246.08
181.665  482.964  150.135  200.569
170.439  377.528  193.572  178.77
415.111  391.195  225.857  309.734
338.389  312.263  245.881  257.457
414.439  447.48  203.497  320.561
172.397  401.357  182.893  183.123
352.858  477.105  180.205  291.041
259.116  121.778  313.115  192.607
423.108  433.252  209.967  320.653
135.85  107.553  298.561  124.191
571.905  495.326  208.075  406.467
438.253  417.003  227.246  322.137
337.388  167.323  303.992  234.835
194.755  493.287  146.996  209.442
214.906  215.384  267.558  180.211
569.531  441.546  229.462  395.58
310.734  396.506  208.715  257.75
161.22  347.885  204.59  169.6
569.84  460.185  221.972  399.022
220.12  362.976  208.014  204.075
426.454  371.767  234.859  312.672
499.575  102.047  350.839  308.76
435.478  411.216  220.152  323.723
331.818  122.266  321.435  225.209
343.739  114.747  325.83  232.677
360.194  88.8488  336.244  238.191
412.701  428.289  211.463  313.333
557.234  194.197  321.974  349.184
244.416  283.999  244.941  202.986
294.31  484.535  169.482  259.87
182.341  529.245  127.02  205.205
208.426  313.574  227.693  191.272
275.566  97.8486  326.078  195.948
355.125  350.942  235.33  274.111
201.275  138.942  295.951  163.886
237.505  294.622  238.701  200.481
194.174  208.457  268.054  169.422
165.188  442.226  164.491  185.932
184.865  200.004  270.012  159.075
529.023  483.133  207.426  380.682
236.204  294.235  242.142  200.217
155.697  309.593  220.321  162.127
387.854  138.798  323.691  257.865
448.212  449.808  207.143  335.163
238.228  418.379  195.694  218.966
591.524  520.928  199.865  420.261
551.205  481.662  213.336  395.317
176.04  243.653  232.627  105.359
