142
611.073  264.11  300.178  383.083
341.285  80.1779  331.59  225.013
561.686  470.392  213.097  393.223
340.041  381.889  213.427  265.795
296.907  241.458  265.454  221.985
438.253  417.003  223.13  318.965
391.999  327.071  245.252  286.16
239.904  442.375  173.63  223.513
296.057  461.431  173.121  255.553
184.865  200.004  265.572  156.965
417.738  311.448  255.05  295.863
477.401  217.495  299.665  311.124
296.057  461.431  173.528  255.813
428.25  451.865  199.542  323.96
276.063  171.949  289.767  202.396
552.763  461.75  215.341  386.997
193.945  400.677  182.803  190.704
101.275  381.97  176.693  138.58
313.34  481.488  171.896  269.93
447.023  153.985  318.771  286.847
419.296  338.915  243.645  301.12
529.427  300.713  275.376  350.106
158.375  392.964  181.191  171.269
288.407  110.167  315.508  200.136
309.281  126.913  310.735  214.989
242.591  359.396  208.461  210.921
275.717  362.115  212.32  228.724
293.297  108.898  316.253  203.163
529.427  300.713  275.224  350.468
237.505  294.622  234.568  199.148
237.195  384.49  197.563  213.517
290.536  381.746  206.781  240.242
572.714  267.051  293.598  365.21
459.215  139.569  326.169  290.721
236.295  512.918  140.751  230.92
318.922  138.223  307.524  221.04
193.945  400.677  183.269  191.928
229.265  236.476  256.955  187.996
342.944  351.328  226.905  263.048
271.252  84.2923  322.71  188.675
595.951  192.489  324.05  364.127
400.163  176.035  305.033  267.038
165.188  442.226  161.684  182.766
569.531  441.546  225.492  391.952
287.149  200.494  280.067  213.399
547.635  93.4747  358.169  327.112
237.195  384.49  196.961  212.774
173.421  498.766  137.964  195.244
278.001  172.342  324.861  113.508
208.71  359.812  203.737  193.94
386.639  182.668  299.834  261.062
335.334  209.002  284.448  237.535
456.738  153.354  321.381  291.603
572.581  281.138  287.981  367.316
552.763  461.75  215.902  386.861
173.421  498.766  136.268  194.736
302.333  351.406  222.261  243.207
569.84  460.185  217.972  395.344
567.765  392.111  244.495  383.391
391.999  327.071  244.52  285.604
494.595  368.959  242.943  343.525
171.515  467.281  150.088  189.188
324.982  207.981  281.913  233.068
529.023  483.133  203.432  377.71
101.986  340.564  195.179  133.58
331.374  137.912  308.848  227.458
327.131  404.864  202.974  263.041
354.507  417.089  201.57  279.176
652.342  366.523  267.455  419.414
143.826  298.353  218.291  149.783
119.899  380.961  179.287  148.256
215.681  344.619  210.062  195.119
515.037  318.644  265.15  344.505
155.697  309.593  215.945  160.061
190.862  257.874  242.306  170.642
256.03  339.903  218.834  217.51
155.697  309.593  215.512  158.464
554.808  182.557  325.667  343.926
135.85  107.553  293.906  122.442
232.201  373.637  200.034  207.79
125.002  409.73  169.033  155.179
581.12  506.251  200.583  409.507
451.333  369.745  236.15  321.775
194.755  493.287  142.92  206.628
397.389  128.243  322.587  259.163
165.338  144.979  283.366  142.813
242.13  453.852  169.248  225.615
289.866  147.467  302.255  205.656
395.985  289.976  259.682  281.302
405.88  247.219  277.684  279.874
292.069  277.947  249.121  226.336
328.672  368.591  216.753  258.081
170.265  549.396  114.871  200.685
557.234  194.197  317.633  346.182
516.315  297.139  273.927  343.193
309.354  266.825  256.038  234.147
562.122  294.843  281.001  364.779
219.486  203.372  269.907  177.902
363.222  373.268  221.657  278.703
282.544  261.111  256.153  217.519
151.191  282.664  225.815  152.536
278.178  433.317  181.728  242.027
352.858  477.105  176.152  287.834
196.517  441.311  167.927  199.685
172.397  401.357  178.586  180.022
290.536  381.746  206.847  239.107
220.12  362.976  202.734  200.492
304.963  377.611  209.088  246.923
235.543  264.267  246.022  194.281
421.458  323.421  249.599  299.353
303.205  352.486  222.261  243.207
196.517  441.311  166.992  198.312
402.624  420.626  210.413  304.499
309.281  126.913  311.553  215.42
457.961  164.068  316.984  294.574
165.188  442.226  160.354  183.343
215.65  489.612  149.75  216.583
423.108  433.252  205.789  317.292
435.478  411.216  216.058  320.435
288.407  110.167  314.834  198.837
278.178  433.317  181.228  241.965
419.032  221.735  288.577  282.289
563.726  362.103  257.579  379.283
337.388  167.323  298.998  232.641
226.62  318.809  221.642  197.029
428.25  451.865  197.782  323.031
101.986  340.564  195.91  132.397
405.975  78.0752  342.299  257.09
261.246  428.702  184.663  232.37
382.834  140.593  315.606  255.25
306.713  284.116  247.852  234.469
176.474  563.231  109.944  205.278
361.39  311.717  244.795  267.017
504.746  239.105  296.071  330.388
143.826  298.353  217.057  150.058
560.603  108.966  351.22  336.59
266.209  491.089  156.425  242.545
541.454  333.973  262.346  363.041
274.509  347.767  220.548  226.695
400.062  463.387  210.279  306.459
275.566  97.8486  317.491  197.095
288.407  110.167  314.834  198.837
