154
328.672  368.591  220.247  260.253
393.473  361.964  234.529  293.026
444.415  132.93  329.789  284.343
237.505  294.622  238.223  201.023
529.023  483.133  206.323  380.033
405.925  106.527  335.611  261.71
190.683  157.019  286.815  159.284
316.328  408.261  205.338  260.07
201.275  138.942  295.164  163.223
276.063  171.949  293.264  204.208
459.215  139.569  329.675  292.646
529.427  300.713  278.347  352.615
101.986  340.564  199.006  135.161
293.297  108.898  320.017  204.91
290.536  381.746  210.29  242.221
334.113  183.104  297.167  235.964
386.639  182.668  303.23  263.128
341.285  80.1779  335.546  226.617
352.858  477.105  179.436  290.099
232.88  279.024  243.816  196.237
386.48  278.914  266.467  277.513
196.517  441.311  170.441  200.404
351.908  255.493  270.84  255.602
327.336  327.453  237.346  253.307
571.905  495.326  207.054  405.244
417.738  311.448  258.237  298.076
419.296  338.915  247.04  303.272
571.098  477.012  214.585  401.323
582.836  94.3525  362.966  346.669
242.591  359.396  212.074  212.886
541.7  124.956  345.535  330.594
569.84  460.185  220.939  397.801
641.719  482.964  222.871  435.626
329.165  297.881  249.739  249.66
189.906  181.523  277.032  160.351
405.4  332.863  247.518  294.979
354.507  417.089  204.907  281.384
503.173  391.098  238.932  353.807
552.763  461.75  218.193  389.354
571.905  495.326  206.873  404.932
561.686  470.392  215.826  395.771
504.746  239.105  299.271  332.487
176.474  563.231  113.28  207.282
546.687  164.816  331.877  339.487
447.023  153.985  323.55  288.902
229.265  236.476  260.696  189.738
611.073  264.11  303.494  385.289
139.026  271.63  233.397  145.44
609.165  297.935  290.521  390.11
202.1  196.028  273.405  169.737
193.945  400.677  186.484  192.595
340.606  334.47  237.083  261.223
315.28  212.332  283.171  230.459
331.374  137.912  312.616  229.23
451.333  369.745  239.413  323.953
538.301  145.589  337.75  332.534
324.982  207.981  285.47  234.979
378.903  311.874  251.45  278.147
423.108  433.252  209.065  319.533
584.115  355.884  264.064  387.543
656.269  443.429  241.156  435.932
101.275  381.97  180.671  140.28
616.973  133.468  351.964  368.266
345.759  189.519  296.196  243.565
501.686  320.838  266.008  341.82
413.669  410.691  216.378  312.703
211.845  475.531  158.865  213.464
562.122  294.843  284.509  367.051
143.826  298.353  222.111  151.451
287.149  200.494  283.826  215.326
405.88  247.219  281.102  282.018
451.333  369.745  238.618  324.956
292.069  277.947  253.882  227.867
196.517  441.311  171.403  201.575
415.111  391.195  224.927  308.775
567.765  392.111  248.379  386.143
340.041  381.889  216.806  267.89
563.371  487.772  209.554  399.264
310.734  396.506  205.645  254.259
417.738  311.448  259.335  296.77
186.866  270.09  243.381  176.568
232.201  373.637  203.478  209.519
572.581  281.138  292.02  368.129
415.111  391.195  223.402  310.041
279.376  292.339  245.024  223.616
215.681  344.619  213.585  196.809
237.195  384.49  200.555  214.629
327.336  327.453  236.723  253.733
289.866  147.467  306.092  207.303
99.3226  396.794  173.443  140.992
435.478  411.216  219.271  322.762
235.543  264.267  249.726  196.138
185.802  509.578  137.944  204.756
244.416  283.999  244.082  202.31
170.912  218.166  259.174  157.828
296.057  461.431  176.368  257.807
181.116  363.577  199.966  180.667
397.389  128.243  325.983  261.404
402.624  420.626  213.549  306.744
155.697  309.593  219.253  160.179
292.264  397.65  202.652  245.949
428.25  451.865  202.842  326.204
331.577  416.578  199.71  270.205
354.507  417.089  205.95  282.241
367.89  416.701  209.095  288.885
603.288  88.3351  366.138  355.147
460.599  426.084  219.4  337.715
266.209  491.089  159.742  244.55
400.062  463.387  204.88  304.668
176.474  563.231  113.531  208.166
170.265  549.396  117.594  202.241
237.195  384.49  201.131  215.36
220.364  416.05  193.707  216.437
545.794  350.717  260.249  366.319
278.178  433.317  185.381  244.029
165.188  442.226  165.152  184.745
385.592  109.116  331.31  253.229
285.841  386.505  209.357  239.85
396.116  346.214  244.456  290.842
287.149  200.494  282.152  214.978
267.863  82.4241  325.737  187.49
220.12  362.976  207.3  203.365
272.938  93.3376  323.552  193.886
363.222  373.268  224.998  280.552
405.975  78.0752  345.946  259.008
201.041  330.812  216.679  187.36
328.809  265.008  264.157  242.389
657.501  463.449  234.494  439.304
139.026  271.63  231.823  145.672
527.054  127.824  341.601  324.649
202.269  358.741  204.824  187.72
568.246  300.244  285.158  371.049
282.544  261.111  259.8  219.473
288.407  110.167  318.673  200.461
541.454  333.973  265.534  365.128
368.051  150.243  316.514  246.37
172.397  401.357  182.208  181.881
212.467  391.73  194.289  203.787
128.106  157.663  267.201  341.914
402.624  420.626  214.583  306.856
108.497  347.417  194.719  138.631
270.777  500.698  155.897  250.972
294.31  484.535  169.645  261.451
171.515  467.281  153.57  191.268
563.726  362.103  260.558  381.406
355.125  350.942  234.475  273.217
353.319  295.269  251.447  263.275
271.16  282.153  250.297  216.936
172.397  401.357  182.194  182.494
234.734  507.348  40.4978  198.067
286.173  361.043  217.804  238.774
551.047  218.458  314.373  348.697
328.809  265.008  264.821  241.704
271.16  282.153  250.297  216.936
