140
101.275  381.97  178.625  140.97
652.342  366.523  268.233  422.579
359.088  263.069  266.746  261.255
451.333  369.745  237.202  324.641
453.866  184.565  308.635  298.105
618.999  191.579  329.47  378.248
242.13  453.852  170.169  228.474
562.122  294.843  282.157  367.749
293.297  108.898  317.778  205.576
527.054  127.824  339.441  325.27
270.777  500.698  153.629  251.692
584.115  355.884  261.753  388.259
334.113  183.104  295.022  236.565
101.275  381.97  178.695  140.867
571.905  495.326  204.492  405.629
477.401  217.495  300.853  313.859
569.84  460.185  218.528  398.601
331.374  137.912  310.319  229.949
541.7  124.956  343.359  331.274
459.215  139.569  327.415  293.337
145.289  168.165  273.252  137.013
423.108  433.252  206.304  320.988
266.209  491.089  158.508  246.871
176.474  563.231  111.892  208.497
282.594  419.496  192.292  244.048
271.16  282.153  248.079  217.56
605.439  171.511  336.396  368.183
493.912  352.098  243.773  346.666
419.296  338.915  244.666  303.906
190.862  257.874  244.03  173.177
572.714  267.051  294.482  368.113
405.925  106.527  333.145  262.349
552.763  461.75  215.829  390.35
413.669  410.691  214.427  312.004
165.188  442.226  161.807  185.96
211.845  475.531  156.793  214.257
101.986  340.564  196.882  135.784
378.903  311.874  249.226  278.898
287.149  200.494  279.938  215.725
501.686  320.838  263.731  342.548
654.795  411.421  250.986  431.049
546.687  164.816  329.622  340.059
572.581  281.138  288.765  370.272
276.063  171.949  291.405  204.759
176.474  563.231  111.589  209.068
236.204  294.235  239.152  200.321
327.131  404.864  204.152  265.801
172.288  426.142  170.951  185.871
202.1  196.028  271.554  170.317
516.315  297.139  274.78  346.23
571.905  495.326  204.686  405.968
386.48  278.914  264.15  278.214
155.697  309.593  217.182  160.853
611.073  264.11  302.322  386.078
237.195  384.49  198.916  216.084
290.536  381.746  208.117  243.003
261.074  474.3  165.297  241.72
501.785  359.69  245.034  350.778
447.023  153.985  321.309  289.6
237.195  384.49  198.304  215.325
529.427  300.713  276.1  352.908
603.288  88.3351  363.961  355.858
451.333  369.745  236.466  325.67
451.333  369.745  237.13  325.302
356.892  147.743  311.209  244.059
176.474  563.231  111.299  208.116
260.98  474.553  165.297  241.72
352.858  477.105  177.115  290.795
611.073  264.11  301.751  386.51
224.035  130.141  300.015  173.561
386.48  278.914  264.367  278.298
568.246  300.244  282.627  371.437
346.34  430.556  195.142  280.345
354.507  417.089  202.648  282.099
282.544  261.111  257.662  219.945
421.256  410.824  218.167  315.371
97.0221  426.513  157.852  144.514
396.116  346.214  242.37  291.389
331.577  416.578  198.486  270.578
190.683  157.019  284.628  159.937
340.606  334.47  234.884  261.953
213.051  186.553  275.09  174.734
320.113  354.445  224.179  255.612
342.944  351.328  228.198  265.792
329.43  184.403  295.422  232.569
368.051  150.243  314.622  246.829
353.58  115.773  326.262  236.032
189.906  181.523  274.926  160.967
363.222  373.268  221.618  279.97
414.439  447.48  199.864  319.146
210.978  490.714  149.781  215.626
493.881  178.012  316.884  317.388
193.475  452.259  163.471  202.442
306.048  316.099  239.259  241.669
402.624  420.626  211.316  307.509
397.389  128.243  323.794  262.012
239.904  442.375  174.808  226.529
413.669  410.691  214.215  313.399
400.062  463.387  203.157  306.934
237.505  294.622  236.116  201.713
303.205  352.486  223.597  245.966
529.427  300.713  276.182  353.293
153.895  266.124  234.1  153.961
358.247  438.821  193.543  287.474
154.469  332.818  207.573  162.482
443.51  311.559  263.604  307.981
428.25  451.865  200.567  326.965
657.501  463.449  232.359  439.945
249.806  269.135  250.743  202.713
155.697  309.593  217.573  162.388
143.826  298.353  219.916  152.184
385.592  109.116  329.126  253.863
242.591  359.396  209.938  213.639
318.711  235.194  271.042  235.839
267.863  82.4241  323.616  188.212
338.389  312.263  242.851  257.436
221.177  230.452  259.826  183.733
215.681  344.619  211.434  197.475
327.336  327.453  235.01  253.976
363.222  373.268  222.794  281.476
572.581  281.138  289.675  368.939
258.674  207.74  273.447  200.722
402.624  420.626  212.454  307.292
444.415  132.93  327.621  286.762
244.416  283.999  242.06  203.015
181.665  482.964  146.493  199.229
170.912  218.166  257.169  158.552
387.854  138.798  320.625  258.058
337.388  167.323  300.422  235.198
380.905  407.518  210.713  293.433
328.672  368.591  217.95  260.907
353.319  295.269  249.25  263.924
405.975  78.0752  343.672  259.684
272.938  93.3376  321.367  194.394
226.62  318.809  221.916  200.646
255.342  407.718  191.64  227.142
294.31  484.535  167.355  261.644
208.426  313.574  224.733  191.362
135.85  107.553  296.55  125.631
493.912  352.098  243.773  346.666
