145
529.023  483.133  204.987  380.494
435.478  411.216  218.969  324.022
165.338  144.979  286.441  145.022
405.975  78.0752  344.579  259.774
153.895  266.124  235.15  153.894
185.802  509.578  136.782  205.452
552.763  461.75  216.615  390.379
190.683  157.019  285.442  159.922
304.963  377.611  213.376  250.199
529.427  300.713  276.724  353.293
101.986  340.564  197.875  135.792
143.826  298.353  219.524  152.552
561.686  470.392  214.356  396.699
155.697  309.593  218.097  160.804
393.473  361.964  233.192  293.804
282.249  405.816  197.76  242.731
292.069  277.947  251.836  229.295
236.204  294.235  240.193  200.244
229.265  236.476  259.408  190.465
541.7  124.956  344.154  331.391
529.427  300.713  276.819  353.035
386.48  278.914  265.097  278.329
652.342  366.523  268.714  422.253
359.088  263.069  267.586  261.395
172.397  401.357  181.039  182.561
211.845  475.531  157.719  214.26
324.982  207.981  284.336  235.721
176.474  563.231  112.202  208.011
603.288  88.3351  364.992  355.828
641.719  482.964  221.611  436.358
397.389  128.243  324.673  262.155
459.215  139.569  328.269  293.493
572.714  267.051  295.375  368.125
569.531  441.546  227.057  395.311
309.281  126.913  313.08  217.44
433.921  252.432  282.237  298.965
385.592  109.116  330.054  253.863
329.165  297.881  249.498  250.445
503.173  391.098  237.719  354.583
165.188  442.226  162.442  184.108
563.371  487.772  207.989  400.012
546.687  164.816  330.561  340.17
386.48  278.914  265.305  278.454
202.1  196.028  272.371  170.317
188.805  344.237  209.988  183.063
251.975  411.389  192.508  225.791
292.069  277.947  252.584  228.653
569.84  460.185  219.443  398.634
343.517  474.703  179.015  285.529
552.763  461.75  217.007  390.298
395.985  289.976  261.824  284.134
451.333  369.745  238.073  324.76
384.299  231.814  283.618  269.031
477.401  217.495  301.777  314.058
182.341  529.245  126.396  206.245
468.112  443.262  211.412  345.493
252.082  311.757  233.277  212.636
356.892  147.743  312.06  244.219
419.296  338.915  245.53  304.11
201.275  138.942  293.893  164.034
290.536  381.746  209.038  243.039
405.88  247.219  279.861  282.63
501.686  320.838  264.577  342.692
272.938  93.3376  322.389  194.643
419.969  170.632  311.238  280.601
267.863  82.4241  327.714  192.641
428.25  451.865  201.483  327.073
562.122  294.843  283.04  367.904
279.376  292.339  243.713  224.337
584.115  355.884  262.568  388.375
574.279  397.057  246.139  390.185
527.054  127.824  340.703  325.104
515.037  318.644  267.348  347.627
415.111  391.195  223.868  309.469
108.782  394.327  173.786  145.535
386.639  182.668  301.754  263.901
296.057  461.431  175.166  258.527
516.315  297.139  275.612  346.473
423.108  433.252  207.313  321.094
423.108  433.252  207.688  320.409
249.806  269.135  251.77  202.69
352.858  477.105  178.041  290.874
271.16  282.153  249.167  217.575
581.12  506.251  201.836  412.648
340.606  334.47  235.755  262.001
237.195  384.49  199.948  216.097
331.374  137.912  311.175  230.041
378.903  311.874  250.121  278.979
215.681  344.619  212.405  197.505
170.439  377.528  191.815  178.98
220.12  362.976  206.019  203.992
258.398  281.914  248.86  207.719
226.62  318.809  222.853  200.631
461.27  193.971  307.437  304.203
342.944  351.328  229.062  265.843
286.173  361.043  216.485  239.825
274.509  347.767  222.674  229.546
237.505  294.622  237.045  201.754
287.149  200.494  282.645  215.924
568.246  300.244  283.221  371.416
242.591  359.396  210.888  213.706
334.113  183.104  295.895  235.888
292.264  397.65  201.339  246.74
527.796  482.467  203.92  380.013
460.599  426.084  218.134  338.517
331.577  416.578  199.467  270.6
504.746  239.105  298.002  333.314
306.713  284.116  249.823  238.467
259.116  121.778  312.377  194.285
414.439  447.48  201.243  320.259
376.032  370.057  225.873  286.296
331.577  416.578  199.507  270.4
173.421  498.766  140.281  197.979
541.454  333.973  264.117  365.885
557.234  194.197  319.462  349.126
194.755  493.287  145.271  209.371
306.048  316.099  240.197  241.749
232.201  373.637  202.354  210.299
255.342  407.718  192.605  227.159
435.478  411.216  217.813  323.591
254.093  447.591  175.928  234.91
170.265  549.396  119.054  200.78
293.297  108.898  318.757  205.631
244.416  283.999  242.911  203.05
181.665  482.964  148.341  200.477
554.492  136.735  339.589  337.579
327.336  327.453  235.923  254.09
101.986  340.564  198.618  134.647
421.256  410.824  219.117  315.44
189.906  181.523  275.846  160.957
340.041  381.889  215.534  268.721
327.336  327.453  235.379  254.514
165.188  442.226  162.825  185.936
212.467  391.73  193.178  204.577
238.228  418.379  193.518  218.814
181.665  482.964  149.625  200.628
182.341  529.245  125.308  205.099
393.473  361.964  231.771  292.421
237.505  294.622  237.373  200.452
355.125  350.942  233.131  273.966
294.31  484.535  168.534  261.766
288.407  110.167  317.143  201.267
584.345  132.357  344.785  353.389
387.854  138.798  321.308  258.135
226.62  318.809  222.853  200.631
