148
189.906  181.523  277.887  160.862
413.669  410.691  217.425  312.365
238.228  418.379  188.182  214.83
405.925  106.527  336.432  262.588
652.342  366.523  271.351  423.09
407.153  295.234  265.139  290.393
155.697  309.593  219.984  160.719
315.28  212.332  283.9  231.184
161.22  347.885  204.734  169.602
154.469  332.818  210.295  162.414
334.113  183.104  298.002  236.717
291.668  87.5804  327.543  202.871
293.297  108.898  320.908  205.562
444.415  132.93  333.345  284.965
393.473  361.964  235.345  294.082
326.867  388.27  214.47  262.962
97.0221  426.513  160.67  144.572
359.088  263.069  269.756  261.39
546.687  164.816  332.817  340.347
415.111  391.195  225.875  309.788
276.063  171.949  294.337  204.692
453.866  184.565  311.808  298.303
306.315  107.631  322.904  212.401
423.108  433.252  209.916  320.676
143.826  298.353  222.769  152.054
193.945  400.677  187.606  194.686
151.191  282.664  230.22  154.673
417.738  311.448  259.096  298.942
282.594  419.496  194.521  244.59
170.439  377.528  193.525  178.851
389.976  81.8705  343.083  251.588
286.173  361.043  218.479  239.912
331.374  137.912  313.359  229.954
351.908  255.493  271.683  256.443
237.505  294.622  239.017  201.767
552.763  461.75  219.245  390.821
328.809  265.008  264.391  246.696
329.165  297.881  250.169  252.128
335.334  209.002  288.899  240.125
289.866  147.467  306.965  208.05
320.113  354.445  226.8  255.797
527.054  127.824  342.68  325.494
220.12  362.976  207.953  204.119
451.333  369.745  240.179  325.045
654.795  411.421  254.471  431.475
421.256  410.824  221.102  315.751
421.458  323.421  253.686  302.496
99.3226  396.794  174.164  141.66
638.96  165.837  343.383  383.64
386.639  182.668  304.195  263.871
237.195  384.49  201.799  216.24
290.536  381.746  210.987  243.152
324.982  207.981  286.344  235.691
419.296  338.915  247.874  304.248
541.7  124.956  346.584  331.465
329.43  184.403  298.51  232.795
356.892  147.743  314.281  244.197
135.85  107.553  298.627  124.338
563.371  487.772  210.188  400.569
459.215  139.569  330.542  293.495
405.4  332.863  248.339  295.424
378.903  311.874  252.238  279.089
229.265  236.476  261.483  190.427
529.427  300.713  279.321  353.276
386.48  278.914  267.283  278.483
242.591  359.396  212.8  213.74
232.88  279.024  244.581  196.88
255.342  407.718  194.57  227.344
282.249  405.816  199.331  243.009
405.88  247.219  281.943  282.843
460.599  426.084  219.982  338.894
575.429  368.133  259.616  386.675
184.865  200.004  269.929  159.204
181.665  482.964  150.07  200.608
212.467  391.73  194.942  204.556
270.777  500.698  157.901  253.388
215.681  344.619  214.465  197.544
217.523  333.577  220.429  197.181
287.149  200.494  282.972  215.671
153.895  266.124  237.111  153.772
582.836  94.3525  363.725  347.498
397.389  128.243  326.807  262.194
252.082  311.757  233.893  211.902
561.686  470.392  216.842  396.953
432.118  259.628  284.088  298.077
494.595  368.959  246.878  346.811
216.752  438.457  176.136  211.502
306.713  284.116  253.714  238.459
210.978  490.714  152.53  215.881
155.697  309.593  220.349  162.242
190.683  157.019  287.482  159.802
551.205  481.662  213.114  395.316
402.624  420.626  214.276  307.877
342.944  351.328  231.059  266.022
125.002  409.73  173.419  157.775
468.112  443.262  213.814  345.847
211.845  475.531  159.547  214.471
516.315  297.139  277.996  346.591
569.84  460.185  221.757  399.148
165.188  442.226  164.468  186.054
258.398  281.914  250.851  207.706
342.198  245.682  274.173  251.496
567.832  278.496  295.892  368
503.173  391.098  239.603  355.007
561.46  452.035  223.786  393.871
181.665  482.964  149.271  199.324
220.12  362.976  206.852  202.968
551.047  218.458  315.38  349.779
108.782  394.327  175.376  145.537
451.333  369.745  239.512  325.928
473.581  253.799  287.335  319.344
571.905  495.326  207.667  406.299
303.205  352.486  226.49  246.054
414.439  447.48  202.889  319.642
449.263  441.085  206.843  335.21
539.213  337.173  269.501  365.872
344.484  289.252  255.823  257.37
232.201  373.637  204.227  210.411
327.336  327.453  237.469  254.664
338.389  312.263  245.718  257.573
363.222  373.268  225.943  282.092
352.858  477.105  180.026  291.164
391.999  327.071  249.463  289.268
143.826  298.353  221.483  152.437
572.581  281.138  292.929  369.278
428.25  451.865  203.575  327.4
272.938  93.3376  324.464  194.496
251.975  411.389  194.44  226.025
274.509  347.767  224.595  229.711
331.577  416.578  201.235  270.956
328.672  368.591  220.931  261.134
447.023  153.985  324.742  288.049
296.057  461.431  177.1  258.776
292.069  277.947  251.852  228.915
288.407  110.167  319.464  201.172
194.174  208.457  268.042  169.575
591.524  520.928  199.693  420.364
278.178  433.317  185.93  245.018
581.12  506.251  204.264  413.326
353.319  295.269  252.274  264.133
182.341  529.245  128.169  206.416
304.963  377.611  213.512  249.734
253.907  422.412  186.542  229.938
411.215  63.7475  352.803  261.215
236.295  512.918  144.804  234.127
443.51  311.559  265.184  309.311
563.726  362.103  261.658  382.556
551.205  481.662  213.114  395.316
