150
393.473  361.964  227.101  294.931
343.517  474.703  172.639  286.756
303.205  352.486  217.686  247.03
616.973  133.468  345.741  369.603
329.165  297.881  241.769  251.447
232.88  279.024  235.233  198.177
242.591  359.396  203.603  215.08
494.595  368.959  239.126  347.553
351.908  255.493  262.906  257.319
275.566  97.8486  313.061  200.125
638.96  165.837  336.468  383.827
504.746  239.105  291.193  331.854
561.46  452.035  216.708  394.125
572.581  281.138  285.443  369.611
342.944  351.328  222.513  267.066
473.581  253.799  280.938  318.711
237.505  294.622  229.714  203.136
221.177  230.452  253.351  185.256
356.892  147.743  305.436  245.055
290.536  381.746  202.258  244.31
224.035  130.141  293.471  174.623
552.763  461.75  211.878  390.895
376.032  370.057  220.42  287.399
176.474  563.231  105.029  210.136
451.333  369.745  232.138  325.634
611.073  264.11  296.937  386.863
567.765  392.111  241.001  387.362
657.501  463.449  228.035  441.29
417.738  311.448  251.017  299.619
423.108  433.252  201.307  322.11
421.458  323.421  245.599  303.155
459.215  139.569  322.284  294.116
562.122  294.843  277.896  368.506
435.478  411.216  212.059  324.501
315.28  212.332  274.897  232.229
337.388  167.323  294.988  235.827
288.407  110.167  310.309  202.281
546.687  164.816  325.203  340.709
361.39  311.717  240.502  270.615
571.098  477.012  207.931  403.029
208.71  359.812  198.873  197.944
423.108  433.252  201.683  321.439
419.296  338.915  239.503  304.965
318.711  235.194  265.284  236.903
215.65  489.612  144.707  220.818
329.165  297.881  242.799  251.594
405.4  332.863  240.095  296.198
293.297  108.898  311.632  206.653
456.738  153.354  317.496  295.135
468.112  443.262  205.888  346.333
460.599  426.084  212.21  339.46
154.469  332.818  200.719  164.154
271.252  84.2923  317.934  191.867
571.905  495.326  200.515  406.57
344.484  289.252  247.078  258.402
382.834  140.593  311.273  256.906
595.951  192.489  320.693  367.676
211.845  475.531  150.513  215.901
377.604  124.427  316.404  252.167
562.122  294.843  277.572  368.527
529.427  300.713  271.712  353.807
493.881  178.012  312.163  318.15
282.249  405.816  190.82  244.06
641.719  482.964  216.9  437.366
447.023  153.985  316.223  290.273
274.509  347.767  215.684  230.949
309.281  126.913  306.171  218.377
232.201  373.637  195.068  211.772
529.427  300.713  271.561  354.176
538.586  476.934  202.513  386.747
255.342  407.718  185.602  228.536
190.683  157.019  277.889  161.309
215.681  344.619  205.124  199.043
652.342  366.523  264.666  423.243
206.736  460.623  154.33  211.358
386.48  278.914  258.711  279.26
101.986  340.564  189.548  137.683
165.338  144.979  280.717  147.877
236.295  512.918  135.87  235.403
170.265  549.396  109.192  204.805
196.517  441.311  162.813  203.987
438.253  417.003  218.755  323.078
567.765  392.111  242.018  387.698
328.809  265.008  255.585  247.699
282.594  419.496  186.45  245.284
235.543  264.267  241.155  198.167
101.275  381.97  171.619  142.83
182.341  529.245  119.239  208.077
158.375  392.964  175.992  175.489
331.577  416.578  192.71  271.881
386.48  278.914  258.938  279.419
428.25  451.865  195.564  328.111
327.336  327.453  228.822  255.715
331.577  416.578  192.737  272.025
176.474  563.231  105.337  211.097
193.945  400.677  178.258  196.051
226.62  318.809  216.813  201.005
201.275  138.942  286.208  165.498
170.439  377.528  183.507  179.371
155.697  309.593  210.345  162.412
527.054  127.824  334.925  325.885
135.85  107.553  288.703  126.103
306.713  284.116  244.835  239.607
554.492  136.735  336.143  342.652
279.376  292.339  237.436  226.663
568.246  300.244  278.223  372.47
99.3226  396.794  164.332  143.718
220.12  362.976  197.46  204.23
342.198  245.682  265.402  252.436
190.862  257.874  237.264  174.712
173.421  498.766  132.943  199.766
405.975  78.0752  338.194  260.444
224.605  251.093  244.398  190.644
237.195  384.49  192.626  217.628
590.222  216.988  312.781  367.974
97.0221  426.513  150.754  146.523
213.051  186.553  268.519  175.928
108.782  394.327  165.587  147.552
271.16  282.153  241.917  218.952
251.975  411.389  185.537  227.391
239.904  442.375  168.652  227.864
363.222  373.268  217.26  282.532
239.904  442.375  168.62  227.891
393.473  361.964  225.653  293.562
527.796  482.467  198.69  381.101
172.397  401.357  173.56  184.311
220.12  362.976  198.759  205.546
296.057  461.431  168.416  260.723
287.149  200.494  273.804  216.862
380.905  407.518  205.128  294.148
335.334  209.002  280.037  241.071
562.032  62.6913  362.549  333.002
401.684  348.642  234.106  295.345
338.389  312.263  238.067  260.542
181.665  482.964  140.885  202.259
170.439  377.528  184.206  180.714
443.51  311.559  258.568  308.992
139.026  271.63  222.548  148.056
220.364  416.05  185.119  218.517
421.256  410.824  210.44  315.353
369.582  314.003  250.347  278.503
387.854  138.798  314.853  258.999
414.439  447.48  195.288  321.27
134.143  340.171  196.977  153.55
313.34  481.488  167.185  274.074
602.905  408.899  242.052  407.618
426.473  218.628  288.202  291.733
286.173  361.043  209.658  240.942
353.319  295.269  243.653  265.143
657.501  463.449  228.035  441.29
