134
414.439  447.48  203.769  316.397
359.088  263.069  271.053  257.694
616.973  133.468  354.119  366.278
290.536  381.746  211.998  239.661
460.599  426.084  221.043  335.935
237.505  294.622  240.073  197.761
538.301  145.589  339.876  330.451
552.763  461.75  220.751  387.7
189.906  181.523  279.07  156.588
315.28  212.332  284.866  227.637
652.342  366.523  272.062  420.087
237.505  294.622  239.697  196.553
351.565  390.866  215.75  273.211
329.165  297.881  252.476  247.125
325.121  263.059  266.004  239.564
242.13  453.852  174.192  224.893
468.112  443.262  214.825  342.864
242.591  359.396  213.754  209.893
154.469  332.818  211.424  158.026
453.866  184.565  313.626  294.698
529.427  300.713  280.354  350.357
342.944  351.328  232.188  262.482
221.177  230.452  263.833  179.445
654.795  411.421  255.315  428.898
190.683  157.019  288.784  155.467
507.441  307.393  274.766  340.729
405.925  106.527  337.943  258.829
232.88  279.024  245.636  192.768
428.25  451.865  204.56  324.317
414.439  447.48  204.18  316.374
652.342  366.523  272.194  420.566
101.986  340.564  200.472  131.262
229.265  236.476  262.57  186.302
208.71  359.812  209.174  192.721
346.34  430.556  200.437  277.222
292.069  277.947  255.06  225.565
351.908  255.493  272.773  252.824
276.063  171.949  295.541  201.022
447.023  153.985  325.641  286.482
266.209  491.089  162.102  243.462
194.174  208.457  269.115  165.214
595.951  192.489  329.465  364.552
456.738  153.354  327.025  291.254
459.215  139.569  331.822  290.398
176.474  563.231  114.803  205.343
546.687  164.816  334.147  337.276
345.759  189.519  298.273  240.621
360.194  88.8488  337.528  234.443
327.131  404.864  208.038  262.582
541.7  124.956  347.781  328.461
188.323  232.046  258.013  162.183
378.903  311.874  253.349  275.431
185.802  509.578  139.225  201.7
421.256  410.824  222.229  312.468
181.665  482.964  152.063  196.768
552.763  461.75  220.183  387.819
402.624  420.626  215.173  304.717
395.985  289.976  265.06  280.916
158.375  392.964  186.212  169.634
305.822  431.609  193.31  256.217
292.069  277.947  254.698  225.065
352.858  477.105  181.008  287.845
504.746  239.105  301.498  330.412
190.862  257.874  247.92  168.855
170.912  218.166  261.084  154.077
611.073  264.11  305.521  383.521
170.265  549.396  118.721  199.189
101.275  381.97  181.851  136.54
500.882  340.292  260.365  342.404
343.517  474.703  181.944  282.451
331.374  137.912  314.659  226.25
614.909  334.097  278.63  397.042
244.416  283.999  245.94  199.097
386.639  182.668  305.443  260.325
292.069  277.947  255.789  224.793
237.195  384.49  202.692  212.389
641.719  482.964  224.978  434.267
212.467  391.73  194.749  198.739
527.054  127.824  343.795  322.493
417.738  311.448  261.361  294.436
237.195  384.49  202.025  211.593
193.945  400.677  188.405  190.459
155.697  309.593  220.926  156.446
173.421  498.766  142.776  194.126
134.143  340.171  204.888  149.328
188.805  344.237  212.837  178.87
376.032  370.057  229.896  284.27
329.165  297.881  251.572  246.928
329.43  184.403  299.718  229.022
235.543  264.267  251.534  192.693
567.765  392.111  249.389  384.166
385.592  109.116  333.614  250.419
338.389  312.263  246.896  254.125
252.082  311.757  236.375  208.811
554.492  136.735  345.801  336.276
206.736  460.623  165.353  207.409
182.341  529.245  128.594  202.518
239.559  345.063  218.39  206.396
569.84  460.185  222.653  396.507
261.246  428.702  189.752  231.559
338.389  312.263  247.675  255.868
571.905  495.326  208.745  403.62
451.333  369.745  241.185  321.936
289.866  147.467  308.155  204.136
529.023  483.133  208.288  378.262
413.669  410.691  218.403  309.162
545.794  350.717  262.336  364.774
288.407  110.167  320.691  197.445
414.439  447.48  204.159  317.326
405.975  78.0752  348.271  256.168
267.863  82.4241  327.896  183.713
583.304  337.419  272.489  382.626
224.605  251.093  254.948  185.253
226.62  318.809  227.121  195.458
421.458  323.421  254.926  299.254
287.149  200.494  284.132  211.832
181.665  482.964  150.722  196.684
423.108  433.252  210.645  317.452
278.178  433.317  186.687  241.475
108.782  394.327  175.996  141.106
327.336  327.453  238.585  251.057
266.369  108.807  318.661  189.944
292.264  397.65  203.541  243.291
260.16  542.39  140.749  250.777
331.577  416.578  201.265  267.865
139.026  271.63  233.267  141.892
316.328  408.261  201.404  254.053
260.98  474.553  168.146  236.44
185.802  509.578  139.832  203.532
274.509  347.767  225.719  225.913
329.165  297.881  251.198  248.553
563.726  362.103  262.917  379.929
412.701  428.289  212.305  310.157
260.98  474.553  168.146  236.44
