146
503.173  391.098  239.93  354.986
334.113  183.104  298.078  236.797
511.404  480.726  204.575  373.854
644.411  177.706  341.035  388.464
368.051  150.243  318.306  247.446
552.763  461.75  219.212  390.785
327.336  327.453  238.206  254.246
611.073  264.11  304.942  387.187
423.108  433.252  209.504  321.43
338.389  312.263  245.855  257.617
328.672  368.591  221.08  261.23
229.265  236.476  261.484  190.504
196.517  441.311  172.097  202.477
190.683  157.019  287.537  159.866
561.686  470.392  216.843  397.168
143.826  298.353  222.795  152.168
220.364  416.05  194.883  217.779
417.738  311.448  259.191  299.089
158.375  392.964  185.553  173.911
561.46  452.035  224.195  393.845
288.407  110.167  320.242  202.59
97.7459  410.403  168.129  142.839
342.198  245.682  274.385  251.279
97.0221  426.513  160.732  144.67
572.581  281.138  293.068  369.494
352.858  477.105  180.316  291.221
378.903  311.874  252.363  279.162
529.427  300.713  279.459  353.33
176.474  563.231  114.064  208.414
563.371  487.772  210.245  400.733
360.194  88.8488  336.11  238.428
155.697  309.593  220.047  160.855
356.892  147.743  314.319  244.239
582.836  94.3525  363.916  347.503
232.201  373.637  204.245  210.373
206.736  460.623  163.536  209.851
354.507  417.089  205.733  282.423
193.945  400.677  187.232  193.508
266.209  491.089  161.545  247.279
359.088  263.069  269.892  261.459
385.592  109.116  332.347  253.923
405.4  332.863  248.527  295.994
290.536  381.746  211.146  243.234
546.687  164.816  332.972  340.413
327.131  404.864  207.245  266.074
194.174  208.457  268.025  169.601
386.48  278.914  267.397  278.524
657.501  463.449  235.062  440.807
315.28  212.332  283.988  231.264
108.782  394.327  175.506  145.634
237.195  384.49  201.299  215.555
423.108  433.252  209.925  320.806
221.177  230.452  262.765  183.809
494.595  368.959  247.202  347.029
239.559  345.063  217.466  210.385
334.113  183.104  298.006  235.983
407.157  203.071  301.174  277.098
340.606  334.47  237.905  262.255
344.484  289.252  255.927  257.427
529.023  483.133  207.317  381.183
134.143  340.171  203.984  154.047
581.12  506.251  204.393  413.428
569.531  441.546  229.428  395.761
324.982  207.981  286.402  235.773
151.191  282.664  230.241  154.746
405.88  247.219  282.052  282.942
237.195  384.49  201.984  216.321
237.505  294.622  239.088  201.858
193.945  400.677  187.668  194.848
459.215  139.569  330.654  293.526
415.111  391.195  225.979  309.869
451.333  369.745  240.331  325.042
155.697  309.593  220.412  162.369
165.188  442.226  164.26  184.389
242.591  359.396  212.89  213.861
405.975  78.0752  346.943  259.774
554.492  136.735  344.732  339.256
261.246  428.702  189.054  235.341
500.882  340.292  259.367  345.578
170.912  218.166  259.959  158.742
405.925  106.527  336.576  262.532
340.041  381.889  217.688  268.881
447.023  153.985  324.533  289.773
460.599  426.084  220.148  338.951
527.054  127.824  343.182  325.295
611.073  264.11  305.466  386.721
435.478  411.216  220.218  323.89
501.686  320.838  267.064  343.041
393.473  361.964  233.54  294.279
305.822  431.609  192.623  259.752
161.22  347.885  204.69  169.804
468.112  443.262  213.966  345.904
568.246  300.244  285.896  372.041
327.336  327.453  237.664  254.688
217.523  333.577  220.484  197.28
173.421  498.766  142.159  198.192
395.985  289.976  264.905  284.002
331.577  416.578  201.478  271.001
595.401  239.093  311.185  374.862
153.895  266.124  237.136  153.884
584.115  355.884  265.135  388.767
616.973  133.468  352.996  369.345
139.026  271.63  234.115  146.092
289.866  147.467  306.928  208.093
414.439  447.48  203.063  319.661
572.714  267.051  297.592  368.58
657.501  463.449  235.735  440.574
186.866  270.09  244.16  177.292
527.054  127.824  342.893  325.428
453.866  184.565  311.991  298.27
412.701  428.289  211.479  313.439
172.397  401.357  182.86  182.744
428.25  451.865  203.768  327.432
266.209  491.089  160.694  245.851
614.909  334.097  277.797  399.775
562.122  294.843  285.496  368.26
171.515  467.281  154.305  192.079
210.978  490.714  152.582  215.986
572.581  281.138  292.088  370.882
173.421  498.766  140.569  197.656
252.082  311.757  235.404  212.78
527.054  127.824  342.762  325.57
331.577  416.578  200.607  271.231
331.374  137.912  313.381  230.08
355.125  350.942  235.38  274.24
516.315  297.139  278.009  346.655
622.484  515.942  209.658  433.318
515.037  318.644  269.545  348.006
527.796  482.467  206.311  380.589
557.234  194.197  321.774  349.077
448.011  327.258  260.203  315.005
329.165  297.881  250.288  252.223
331.818  122.266  321.098  225.292
545.794  350.717  261.276  367.773
541.454  333.973  266.567  366.349
438.253  417.003  227.128  322.387
274.509  347.767  224.847  229.718
258.674  207.74  275.63  200.043
165.188  442.226  164.67  186.103
363.222  373.268  226.056  282.061
211.94  159.673  291.287  170.76
282.544  261.111  260.611  220.18
421.256  410.824  218.769  314.639
414.439  447.48  203.456  320.672
251.975  411.389  194.548  226.108
251.975  411.389  194.548  226.108
