145
359.088  263.069  269.425  261.35
584.115  355.884  264.773  388.564
155.697  309.593  219.425  160.439
261.074  474.3  167.773  241.796
516.315  297.139  277.683  346.492
165.188  442.226  163.668  183.969
447.023  153.985  322.769  289.592
395.985  289.976  263.636  284.068
229.265  236.476  261.07  190.24
421.458  323.421  253.591  302.267
338.389  312.263  245.369  257.404
271.252  84.2923  327.059  190.554
232.201  373.637  203.729  210.306
239.559  345.063  217.217  210.306
266.209  491.089  160.915  246.974
242.13  453.852  172.931  228.366
327.131  404.864  206.741  265.879
164.754  277.287  233.186  158.931
293.297  108.898  320.583  205.294
459.215  139.569  330.294  293.275
212.467  391.73  193.547  202.606
324.982  207.981  285.97  235.471
447.023  153.985  324.134  289.52
405.88  247.219  281.649  282.648
161.22  347.885  204.444  169.263
328.672  368.591  220.501  260.906
405.4  332.863  248.05  295.268
196.517  441.311  171.459  202.231
292.069  277.947  253.567  229.105
393.473  361.964  234.994  293.887
397.389  128.243  326.585  261.96
226.62  318.809  225.688  199.259
354.507  417.089  205.226  282.227
351.908  255.493  271.313  256.273
477.401  217.495  303.668  313.904
340.041  381.889  217.082  268.737
292.069  277.947  253.136  228.744
522.049  197.891  317.234  333.459
456.738  153.354  325.485  294.38
473.581  253.799  287.954  318.593
182.341  529.245  127.494  206.288
290.536  381.746  210.677  242.966
405.925  106.527  336.163  262.195
182.341  529.245  126.39  205.185
181.665  482.964  150.845  200.619
303.205  352.486  226.142  245.928
500.882  340.292  258.866  345.308
314.609  117.689  309.524  374.741
190.683  157.019  287.064  159.524
378.903  311.874  251.918  278.89
641.719  482.964  223.714  436.777
208.426  313.574  227.032  191.206
451.333  369.745  239.953  324.855
509.284  189.501  319.305  325.668
237.195  384.49  201.407  215.983
435.478  411.216  219.763  323.652
176.474  563.231  113.411  208.355
389.976  81.8705  342.789  251.322
501.785  359.69  247.507  351.216
438.253  417.003  226.679  321.917
288.407  110.167  318.986  200.93
172.397  401.357  182.289  182.423
165.188  442.226  163.285  184.325
202.1  196.028  273.803  169.978
529.427  300.713  279.086  353.073
421.256  410.824  220.764  315.615
261.246  428.702  188.523  235.092
155.697  309.593  219.834  161.933
170.439  377.528  193.06  178.794
538.586  476.934  209.592  386.382
101.275  381.97  180.71  140.676
529.427  300.713  278.964  353.377
402.624  420.626  214.983  307.638
153.895  266.124  236.61  153.56
232.88  279.024  244.109  196.719
546.687  164.816  332.632  340.16
292.264  397.65  202.994  246.733
386.48  278.914  267.101  278.329
292.069  277.947  254.237  228.613
572.581  281.138  291.728  370.574
305.822  431.609  192.073  259.499
237.505  294.622  238.639  201.633
242.591  359.396  212.353  213.585
202.428  417.458  182.078  202.654
217.523  333.577  219.849  196.974
325.121  263.059  264.509  242.969
154.469  332.818  209.758  162.205
252.082  311.757  234.65  212.602
220.12  362.976  207.509  204.126
173.421  498.766  139.695  197.447
571.098  477.012  214.929  402.585
139.026  271.63  231.754  146.108
143.826  298.353  221.086  152.081
552.763  461.75  218.691  390.58
320.113  354.445  226.761  255.657
657.501  463.449  234.526  440.803
318.922  138.223  311.842  223.238
541.7  124.956  346.333  331.341
652.342  366.523  271.469  422.847
220.364  416.05  194.333  217.609
282.594  419.496  194.613  244.159
391.999  327.071  248.527  288.569
581.12  506.251  204.094  413.1
396.116  346.214  244.923  291.676
423.108  433.252  209.103  321.234
316.328  408.261  205.109  262.176
602.905  408.899  245.675  405.96
172.397  401.357  182.298  183.057
135.85  107.553  298.171  123.976
656.269  443.429  242.417  436.872
386.639  182.668  303.743  263.59
568.246  300.244  285.456  371.748
184.865  200.004  269.469  159.12
255.342  407.718  194.145  227.18
219.486  203.372  274.006  179.92
165.338  144.979  290.023  145.968
460.599  426.084  219.717  338.775
305.822  431.609  190.414  259.616
391.999  327.071  249.12  289.038
165.188  442.226  164.008  185.855
355.125  350.942  234.789  274.072
194.755  493.287  146.483  209.419
411.215  63.7475  352.519  261.1
468.112  443.262  213.445  345.723
331.577  416.578  199.939  271.029
331.374  137.912  313.052  229.698
401.684  348.642  242.122  294.387
244.416  283.999  244.356  202.877
504.746  239.105  299.907  333.303
638.96  165.837  343.036  383.538
482.873  227.116  302.227  319.012
428.25  451.865  203.351  327.215
289.866  147.467  306.549  207.795
335.334  209.002  288.547  239.938
236.295  512.918  145.682  235.697
603.288  88.3351  366.919  355.909
237.505  294.622  238.916  200.19
363.222  373.268  225.518  281.912
194.755  493.287  147.543  210.619
527.054  127.824  342.408  325.356
226.62  318.809  224.312  200.446
380.905  407.518  212.929  292.313
313.34  481.488  175.428  273.002
353.319  295.269  252.053  263.836
164.754  277.287  233.186  158.931
