157
591.524  520.928  199.919  419.378
271.16  282.153  251.445  216.173
554.492  136.735  344.443  340.648
392.989  306.979  257.676  283.744
451.333  369.745  239.71  324.756
271.252  84.2923  328.09  189.39
173.421  498.766  142.095  196.417
359.088  263.069  270.109  260.058
451.333  369.745  240.447  323.768
477.401  217.495  304.33  312.923
457.961  164.068  321.807  296.14
501.686  320.838  267.189  341.813
236.295  512.918  145.624  233.406
504.746  239.105  299.506  330.14
584.115  355.884  265.317  387.59
215.65  489.612  153.795  217.812
423.108  433.252  210.003  319.478
242.13  453.852  173.575  227.119
385.592  109.116  332.831  252.399
541.454  333.973  266.535  365.336
461.27  193.971  310.82  302.435
292.069  277.947  254.961  227.056
306.315  107.631  323.365  210.661
641.719  482.964  224.217  435.927
165.188  442.226  165.934  183.778
194.755  493.287  146.884  207.561
293.297  108.898  321.365  203.919
326.867  388.27  214.72  261.678
400.163  176.035  309.915  268.368
286.173  361.043  217.504  237.78
389.976  81.8705  343.575  250.026
569.531  441.546  229.543  394.597
456.738  153.354  326.223  293.327
352.858  477.105  180.204  289.908
405.4  332.863  248.626  294.099
395.985  289.976  264.232  282.98
415.111  391.195  225.973  308.571
237.195  384.49  201.99  214.656
447.023  153.985  324.805  288.424
386.48  278.914  267.591  277.108
351.908  255.493  271.946  254.916
444.415  132.93  332.421  284.041
165.188  442.226  164.518  184.385
529.023  483.133  207.658  379.8
339.49  285.217  349.755  165.279
224.035  130.141  303.52  171.291
208.71  359.812  208.37  194.861
287.149  200.494  285.062  214.265
417.738  311.448  259.35  297.825
193.945  400.677  187.766  193.108
342.198  245.682  274.603  249.476
529.427  300.713  279.508  352.297
291.668  87.5804  328.005  201.264
449.263  441.085  209.226  335.433
288.407  110.167  320.662  200.779
572.581  281.138  293.102  368.155
527.796  482.467  206.519  379.298
435.478  411.216  220.211  322.649
378.903  311.874  252.555  277.755
212.467  391.73  194.888  202.689
290.536  381.746  211.224  241.727
202.1  196.028  274.528  168.525
529.427  300.713  279.42  352.624
459.215  139.569  330.972  292.244
236.204  294.235  242.434  198.588
338.389  312.263  246.895  257.876
329.165  297.881  251.822  249.116
239.904  442.375  177.531  224.966
256.03  339.903  223.485  218.491
448.011  327.258  257.855  315.283
354.507  417.089  205.797  281.044
196.517  441.311  172.217  200.893
279.376  292.339  246.073  222.856
574.279  397.057  248.54  389.401
181.665  482.964  151.366  198.996
503.173  391.098  239.996  353.819
135.85  107.553  299.152  122.16
201.275  138.942  296.368  162.047
343.739  114.747  326.231  231.25
583.304  337.419  271.748  384.272
657.501  463.449  235.175  439.804
211.845  475.531  159.708  212.878
386.639  182.668  304.455  262.444
331.374  137.912  313.866  228.363
278.178  433.317  186.065  243.56
552.763  461.75  219.272  389.762
354.507  417.089  206.797  281.917
237.195  384.49  201.326  213.784
342.944  351.328  231.419  264.547
541.7  124.956  346.935  330.356
572.714  267.051  298.051  366.117
616.973  133.468  353.333  368.206
287.149  200.494  283.341  214.05
170.912  218.166  260.261  156.764
447.023  153.985  323.457  288.457
603.288  88.3351  367.992  355.048
611.073  264.11  305.646  385.761
363.222  373.268  226.111  280.091
251.975  411.389  194.523  224.241
237.004  363.639  213.117  210.99
561.686  470.392  217.195  395.932
331.577  416.578  200.751  269.755
188.805  344.237  212.082  181.287
196.517  441.311  171.286  199.489
173.421  498.766  140.453  195.838
428.25  451.865  203.734  326.172
206.736  460.623  163.551  208.193
155.697  309.593  220.223  158.933
101.986  340.564  199.83  133.713
414.439  447.48  203.47  318.375
237.505  294.622  240.156  199.806
125.002  409.73  173.305  155.754
208.426  313.574  228.01  189.774
327.336  327.453  238.315  252.703
329.165  297.881  250.84  249.049
568.246  300.244  286.185  371.03
338.389  312.263  246.096  256.162
421.256  410.824  221.408  314.418
460.599  426.084  220.378  337.738
318.711  235.194  274.5  234.339
215.681  344.619  214.56  195.96
172.397  401.357  182.951  180.855
340.041  381.889  217.665  267.491
237.505  294.622  239.258  200.063
515.037  318.644  269.142  346.591
266.209  491.089  160.645  244.315
153.895  266.124  237.302  151.908
328.672  368.591  221.193  259.657
99.3226  396.794  174.256  139.628
444.415  132.93  333.778  283.672
527.054  127.824  343.11  324.292
242.591  359.396  212.959  212.043
387.854  138.798  324.11  256.645
368.051  150.243  318.851  245.753
252.082  311.757  230.541  212.189
182.341  529.245  128.108  204.785
170.246  336.313  209.58  170.442
316.328  408.261  205.672  260.852
139.026  271.63  234.273  144.045
232.88  279.024  244.832  195.138
139.026  271.63  232.377  144.378
119.899  380.961  183.839  148.632
501.785  359.69  248.158  350.208
232.201  373.637  204.473  208.717
214.345  413.158  184.34  205.053
638.96  165.837  343.518  382.547
244.416  283.999  245.058  201.371
288.407  110.167  319.855  199.557
353.58  115.773  329.823  234.514
310.734  396.506  206.55  253.915
294.31  484.535  170.523  260.858
443.51  311.559  261.219  309.25
352.223  63.9278  345.047  225.314
285.841  386.505  210.494  236.763
258.398  281.914  250.896  206.257
170.265  549.396  120.703  199.345
170.246  336.313  209.58  170.442
