142
267.863  82.4241  328.041  189.808
292.264  397.65  203.683  245.892
460.599  426.084  220.343  338.104
196.517  441.311  172.196  201.309
487.993  132.735  337.807  306.955
386.639  182.668  304.584  262.917
447.023  153.985  325.517  286.927
529.427  300.713  279.435  352.876
529.427  300.713  279.698  352.475
541.7  124.956  347.073  330.703
459.215  139.569  331.175  292.512
356.892  147.743  314.762  243.157
182.341  529.245  128.305  205.32
288.407  110.167  319.868  200.025
235.543  264.267  250.812  195.646
170.265  549.396  118.348  202.035
226.62  318.809  226.552  198.294
507.441  307.393  274.18  342.761
511.404  480.726  204.936  373.088
611.073  264.11  304.903  385.591
657.501  463.449  235.301  440.134
405.975  78.0752  347.487  258.562
468.112  443.262  214.217  345.021
292.264  397.65  202.986  245.879
239.559  345.063  218.045  209.439
652.342  366.523  271.336  422.106
451.333  369.745  239.947  325.155
546.687  164.816  333.431  339.494
292.069  277.947  253.938  227.903
185.802  509.578  138.654  204.42
242.13  453.852  173.654  227.619
232.201  373.637  204.401  209.357
215.65  489.612  153.959  218.532
552.763  461.75  219.434  389.986
189.906  181.523  278.287  159.652
176.474  563.231  114.269  208.182
571.098  477.012  215.622  402.015
415.111  391.195  225.103  309.965
125.002  409.73  173.603  156.504
656.269  443.429  242.069  436.874
456.738  153.354  326.326  293.639
423.108  433.252  209.791  320.58
433.921  252.432  284.922  298.149
161.22  347.885  205.354  168.145
309.354  266.825  260.728  235.847
405.925  106.527  336.998  261.458
433.142  362.243  241.676  313.907
654.795  411.421  254.154  430.917
237.195  384.49  202.114  215.131
571.905  495.326  208.118  405.535
346.34  430.556  199.634  279.666
155.697  309.593  220.249  159.487
618.999  191.579  333.009  378.15
428.25  451.865  203.935  326.574
97.7459  410.403  168.07  141.529
584.115  355.884  265.538  387.902
337.388  167.323  304.009  234.005
318.711  235.194  274.491  234.902
402.624  420.626  214.682  307.002
331.577  416.578  200.672  270.333
580.441  272.924  297.898  372.431
173.421  498.766  142.2  196.98
338.389  312.263  246.978  258.256
305.822  431.609  191.054  258.9
421.256  410.824  221.623  314.823
413.669  410.691  217.654  312.879
477.401  217.495  304.475  313.187
176.474  563.231  114.047  207.315
355.125  350.942  235.55  273.066
652.342  366.523  272.003  422.366
504.746  239.105  299.488  330.496
181.665  482.964  151.587  199.796
452.101  419.576  220.643  332.632
343.517  474.703  181.301  284.831
217.523  333.577  220.604  196.062
303.205  352.486  226.952  245.121
190.683  157.019  287.903  158.538
288.407  110.167  320.637  201.329
378.903  311.874  252.699  278.142
614.909  334.097  277.919  399.241
213.051  186.553  279.564  174.962
134.143  340.171  204.088  152.378
340.606  334.47  238.446  263.004
309.281  126.913  315.826  216.289
363.222  373.268  225.107  279.361
135.85  107.553  299.908  123.836
290.536  381.746  211.441  242.195
232.88  279.024  244.901  195.808
193.475  452.259  165.753  201.455
595.951  192.489  328.591  366.592
451.333  369.745  240.592  324.197
554.492  136.735  345.105  338.351
423.108  433.252  210.145  319.939
327.131  404.864  207.508  265.141
151.191  282.664  230.433  153.391
413.669  410.691  217.95  311.432
327.336  327.453  238.458  253.186
170.439  377.528  193.797  177.747
538.586  476.934  210.379  385.413
493.881  178.012  320.635  316.703
438.253  417.003  226.612  321.939
360.194  88.8488  336.671  237.291
344.484  289.252  256.267  256.26
276.063  171.949  294.819  203.666
188.805  344.237  212.169  181.974
351.908  255.493  272.122  255.454
338.389  312.263  246.147  256.551
376.032  370.057  228.376  285.359
242.591  359.396  213.086  212.635
219.486  203.372  274.815  178.976
611.073  264.11  305.683  386.116
292.069  277.947  255.007  227.666
453.866  184.565  312.834  297.075
275.717  362.115  216.725  230.656
340.606  334.47  238.253  261.132
186.866  270.09  244.421  175.968
211.845  475.531  159.74  213.383
259.116  121.778  313.417  191.783
286.173  361.043  217.65  238.188
237.004  363.639  213.151  211.449
611.073  264.11  306.06  385.716
331.374  137.912  313.87  228.876
444.415  132.93  330.927  285.993
501.785  359.69  248.163  350.629
165.338  144.979  288.416  143.463
135.85  107.553  299.124  122.96
282.594  419.496  195.506  243.304
417.738  311.448  260.819  296.809
414.439  447.48  203.692  319.781
143.826  298.353  221.566  151.219
515.037  318.644  269.774  347.047
313.34  481.488  176.181  272.207
170.912  218.166  260.153  157.289
165.188  442.226  164.759  184.9
602.905  408.899  246.42  405.225
220.364  416.05  194.247  216.128
201.041  330.812  215.199  186.311
266.209  491.089  160.732  244.631
226.62  318.809  225.184  199.501
151.191  282.664  230.527  155.112
328.809  265.008  264.622  243.638
236.204  294.235  242.341  199.28
