145
552.763  461.75  214.767  388.092
274.509  347.767  220.355  227.406
618.999  191.579  328.09  376.578
158.375  392.964  181.199  171.665
501.686  320.838  262.599  340.585
585.013  124.582  347.274  351.952
135.85  107.553  294.264  122.717
181.665  482.964  145.225  197.059
99.3226  396.794  170.123  139.59
361.39  311.717  245.206  268.405
190.862  257.874  242.59  171.104
278.178  433.317  181.708  242.65
101.275  381.97  177.308  138.817
400.163  176.035  305.195  267.477
405.925  106.527  332.029  260.481
561.46  452.035  219.721  391.206
477.401  217.495  299.742  312.073
172.397  401.357  178.787  180.4
529.427  300.713  274.882  350.739
516.315  297.139  273.682  344.235
352.858  477.105  175.926  288.682
574.279  397.057  243.993  387.991
489.193  119.786  337.833  303.258
176.474  563.231  109.958  205.783
451.333  369.745  235.194  323.596
155.697  309.593  215.799  158.871
657.501  463.449  230.867  438.137
561.686  470.392  212.246  394.576
331.374  137.912  308.885  228.118
451.333  369.745  235.886  322.679
581.12  506.251  199.97  410.523
504.746  239.105  294.653  329.079
278.178  433.317  181.341  242.52
182.341  529.245  124.134  203.952
282.249  405.816  195.482  240.578
236.295  512.918  140.586  231.414
541.454  333.973  262.122  363.922
161.22  347.885  200.808  167.358
494.595  368.959  243.03  344.529
206.736  460.623  159.287  207.382
125.002  409.73  167.126  155.13
423.108  433.252  205.442  318.288
376.032  370.057  223.848  284.351
448.011  327.258  253.546  314.053
529.023  483.133  203.022  378.844
611.073  264.11  299.905  384.122
211.845  475.531  155.525  212.062
292.264  397.65  199.241  244.527
541.7  124.956  342.135  329.414
569.531  441.546  224.889  393.17
266.209  491.089  157.219  244.523
529.427  300.713  274.952  350.997
572.714  267.051  293.5  366.157
459.215  139.569  326.083  291.488
196.517  441.311  167.048  198.861
290.536  381.746  206.821  240.87
363.222  373.268  221.21  278.603
447.023  153.985  320.098  287.587
456.738  153.354  321.38  292.534
386.48  278.914  263.044  276.273
170.912  218.166  253.835  154.612
378.903  311.874  247.96  276.891
212.467  391.73  189.796  200.587
529.427  300.713  274.765  351.334
287.149  200.494  278.525  213.693
279.376  292.339  241.499  222.215
354.507  417.089  201.444  279.974
395.985  289.976  259.567  282.084
435.478  411.216  215.878  321.353
457.961  164.068  317.005  295.402
173.421  498.766  136.403  195.241
172.397  401.357  178.788  180.969
188.805  344.237  207.616  181.096
360.194  88.8488  331.651  236.508
143.826  298.353  217.348  150.42
477.401  217.495  300.38  310.538
494.595  368.959  243.393  343.202
334.113  183.104  293.657  234.625
386.639  182.668  299.659  261.815
405.4  332.863  244.07  293.089
217.523  333.577  216.108  194.99
397.389  128.243  322.565  260.131
579.352  257.382  297.651  368.076
326.867  388.27  210.343  260.516
238.228  418.379  191.455  216.653
447.023  153.985  318.812  287.456
202.1  196.028  269.973  168.316
215.681  344.619  210.141  195.471
342.944  351.328  226.915  263.698
232.201  373.637  200.137  208.415
652.342  366.523  266.408  420.301
460.599  426.084  215.779  336.425
367.89  416.701  205.253  287.437
260.98  474.553  164.021  239.564
342.198  245.682  269.766  249.247
170.439  377.528  189.482  176.907
414.439  447.48  198.69  316.992
237.195  384.49  197.648  213.974
413.669  410.691  213.029  311.398
527.054  127.824  338.185  323.422
251.975  411.389  190.251  223.703
143.826  298.353  218.541  150.138
335.334  209.002  284.567  238.082
224.605  251.093  249.554  187.185
428.25  451.865  199.286  324.879
405.975  78.0752  342.384  257.869
201.275  138.942  291.548  162.117
361.955  464.11  183.179  292.552
196.517  441.311  167.905  200.156
327.336  327.453  233.766  251.936
414.439  447.48  199.114  317.009
515.037  318.644  265.134  345.619
193.945  400.677  182.984  191.141
165.188  442.226  161.751  183.231
242.591  359.396  208.532  211.483
340.041  381.889  213.246  266.593
444.415  132.93  328.928  282.879
338.389  312.263  241.571  255.356
237.505  294.622  234.759  199.638
194.755  493.287  142.883  206.962
275.717  362.115  212.132  229.467
527.796  482.467  201.884  377.946
276.063  171.949  290.079  202.806
155.697  309.593  216.189  160.349
318.711  235.194  269.781  233.782
181.665  482.964  146.006  198.35
185.802  509.578  136.142  204.372
266.209  491.089  156.224  242.935
282.544  261.111  256.287  217.988
288.407  110.167  315.683  200.579
426.473  218.628  292.211  288.938
289.866  147.467  302.571  206.005
438.253  417.003  223.035  319.788
316.328  408.261  201.309  259.952
286.173  361.043  214.242  237.767
165.188  442.226  160.341  183.842
189.906  181.523  273.546  158.985
337.388  167.323  299.118  233.234
602.905  408.899  244.869  404.873
414.439  447.48  199.117  317.913
244.416  283.999  240.526  201.081
221.177  230.452  258.381  181.639
134.143  340.171  202.927  149.763
355.125  350.942  230.956  271.955
355.125  350.942  230.956  271.955
