166
190.683  157.019  287.604  159.044
529.427  300.713  279.074  353.182
327.131  404.864  207.027  265.403
329.43  184.403  298.544  232.032
428.25  451.865  203.553  326.907
352.858  477.105  180.004  290.621
173.421  498.766  141.766  197.301
563.726  362.103  261.551  382.188
185.802  509.578  138.389  204.949
405.975  78.0752  347.002  259.134
500.882  340.292  259.248  344.887
287.149  200.494  284.673  215.143
201.275  138.942  296.021  163.151
320.113  354.445  227.24  254.425
457.961  164.068  322.646  297.11
413.669  410.691  217.424  311.806
242.591  359.396  212.737  213.12
155.697  309.593  220.332  161.518
161.22  347.885  204.924  168.662
237.195  384.49  201.736  215.56
165.188  442.226  164.815  184.016
289.866  147.467  307.113  206.824
562.122  294.843  285.157  367.609
292.069  277.947  254.647  227.986
244.416  283.999  244.884  202.298
415.111  391.195  225.956  309.251
193.945  400.677  187.092  192.671
237.505  294.622  239.021  201.115
423.108  433.252  209.267  320.951
193.475  452.259  166.116  201.968
572.581  281.138  292.094  370.277
97.0221  426.513  160.603  143.716
189.906  181.523  277.894  160.186
516.315  297.139  277.836  346.279
158.375  392.964  185.466  172.979
493.881  178.012  320.175  317.047
414.439  447.48  202.851  319.118
155.697  309.593  219.934  160.009
603.288  88.3351  367.449  355.473
529.427  300.713  279.207  352.885
407.153  295.234  264.875  290.047
220.12  362.976  207.967  203.605
202.1  196.028  274.291  169.513
97.7459  410.403  167.981  142.02
165.188  442.226  164.269  183.396
217.523  333.577  220.264  196.524
345.759  189.519  297.143  243.566
232.88  279.024  244.585  196.317
595.401  239.093  311.519  374.867
397.389  128.243  326.992  261.68
202.269  358.741  205.35  187.847
272.938  93.3376  324.451  193.453
385.592  109.116  332.363  253.162
293.297  108.898  321.01  204.851
292.069  277.947  253.93  228.713
255.342  407.718  194.547  226.696
507.441  307.393  273.645  343.151
433.921  252.432  284.318  298.55
237.195  384.49  201.067  214.733
139.026  271.63  233.962  145.298
302.333  351.406  226.49  245.425
256.03  339.903  223.043  219.513
181.665  482.964  149.812  199.964
353.58  115.773  329.271  235.374
611.073  264.11  304.335  385.975
135.85  107.553  299.516  124.32
309.281  126.913  315.482  216.712
316.328  408.261  205.319  261.652
282.544  261.111  260.572  219.657
567.765  392.111  249.12  386.959
423.108  433.252  209.684  320.254
386.48  278.914  267.517  277.921
397.389  128.243  326.941  261.476
101.275  381.97  181.222  140.108
182.341  529.245  127.896  205.748
208.426  313.574  227.754  190.802
356.892  147.743  314.341  243.411
108.782  394.327  175.312  144.764
185.802  509.578  139.014  206.783
654.795  411.421  253.952  431.217
363.222  373.268  225.857  281.335
468.112  443.262  213.694  345.391
638.96  165.837  343.376  383.117
125.002  409.73  173.281  156.99
196.517  441.311  171.996  201.9
351.908  255.493  271.734  255.828
176.474  563.231  113.799  207.824
546.687  164.816  332.992  339.814
515.037  318.644  269.354  347.393
361.955  464.11  187.26  294.606
176.474  563.231  114.169  208.067
405.925  106.527  336.618  261.848
334.113  183.104  298.037  235.342
258.674  207.74  278.135  202.939
460.599  426.084  219.887  338.403
235.543  264.267  250.431  196.089
447.023  153.985  324.472  289.193
165.188  442.226  164.522  185.292
595.951  192.489  327.722  366.738
503.173  391.098  239.6  354.531
165.188  442.226  163.707  183.86
324.982  207.981  286.331  235.072
561.686  470.392  216.801  396.591
414.439  447.48  203.251  320.074
443.51  311.559  266.681  307.817
239.559  345.063  217.335  209.563
253.907  422.412  186.702  229.17
172.397  401.357  182.841  182.422
328.809  265.008  264.803  242.628
561.46  452.035  224.028  393.36
341.285  80.1779  336.618  226.542
552.763  461.75  218.983  390.256
563.371  487.772  210.014  400.185
294.31  484.535  170.273  261.356
367.303  366.334  212.309  211.03
541.7  124.956  346.67  331.022
275.566  97.8486  322.173  198.591
583.304  337.419  271.289  384.939
226.62  318.809  226.149  198.856
139.026  271.63  232.13  145.654
292.264  397.65  203.354  246.28
376.032  370.057  228.022  285.983
363.222  373.268  224.688  279.8
395.985  289.976  263.989  283.749
477.401  217.495  304.07  313.658
331.374  137.912  313.53  229.201
304.963  377.611  213.516  249.176
211.845  475.531  159.405  213.816
459.215  139.569  330.666  292.999
539.213  337.173  269.733  365.407
569.84  460.185  221.745  398.729
210.978  490.714  152.329  215.227
143.826  298.353  221.534  151.568
453.866  184.565  312.602  297.188
558.198  383.429  250.095  380.66
529.023  483.133  207.266  380.813
386.639  182.668  304.18  263.261
271.16  282.153  251.186  216.999
285.841  386.505  209.975  240.188
426.454  371.767  234.624  312.357
571.905  495.326  207.593  405.816
305.822  431.609  190.73  259.225
331.577  416.578  201.121  270.417
338.389  312.263  245.74  256.98
318.711  235.194  273.973  235.346
278.001  172.342  330.036  114.327
421.256  410.824  220.908  315.124
288.407  110.167  319.352  200.557
317.717  474.971  172.316  266.214
249.806  269.135  253.678  202.064
501.785  359.69  250.626  349.338
572.581  281.138  292.98  368.803
101.986  340.564  200.324  133.735
421.458  323.421  253.747  301.932
379.349  294.506  262.312  278.787
292.264  397.65  202.574  246.289
306.713  284.116  251.824  238.016
251.975  411.389  194.378  225.423
541.454  333.973  266.42  365.836
603.503  144.692  349.776  362.735
527.796  482.467  206.192  380.149
186.866  270.09  244.073  176.656
396.116  346.214  245.042  291.413
331.577  416.578  200.182  270.708
258.398  281.914  250.697  207.13
339.261  70.6365  98.8211  234.693
