152
229.265  236.476  261.229  190.07
420.332  86.5248  346.189  266.411
190.862  257.874  246.576  172.687
487.993  132.735  337.044  306.358
331.374  137.912  313.183  229.558
274.509  347.767  224.275  229.423
657.501  463.449  234.351  440.928
380.558  424.488  203.28  295.656
237.195  384.49  201.518  215.845
303.205  352.486  226.261  245.806
568.246  300.244  285.402  371.582
161.22  347.885  204.517  169.247
421.458  323.421  253.552  302.166
559.489  221.241  314.285  354.893
353.319  295.269  252.179  263.839
656.269  443.429  242.11  436.915
252.082  311.757  234.847  212.404
459.215  139.569  330.386  293.208
376.032  370.057  227.733  286.325
386.48  278.914  267.139  278.199
173.421  498.766  141.635  197.781
417.738  311.448  258.925  298.676
170.265  549.396  117.744  202.809
220.12  362.976  207.686  203.825
236.13  305.008  238.344  200.123
460.599  426.084  219.89  338.648
170.439  377.528  193.283  178.628
356.892  147.743  314.096  243.811
320.113  354.445  226.93  255.579
453.866  184.565  312.308  297.565
292.069  277.947  253.685  229.046
539.213  337.173  269.442  365.68
306.315  107.631  322.679  211.833
185.802  509.578  138.743  207.105
155.697  309.593  219.678  160.399
451.333  369.745  240.006  324.771
331.577  416.578  200.987  270.645
217.523  333.577  220.086  196.842
622.484  515.942  208.556  433.256
181.665  482.964  149.588  200.225
266.209  491.089  160.998  246.773
378.903  311.874  252.002  278.816
251.975  411.389  194.093  225.756
644.411  177.706  340.852  388.17
293.297  108.898  320.661  205.134
202.1  196.028  274.08  169.863
622.484  515.942  208.178  434.197
405.88  247.219  281.709  282.616
309.281  126.913  315.026  216.982
97.7459  410.403  167.549  142.537
305.822  431.609  192.192  259.375
551.205  481.662  212.794  395.177
618.999  191.579  332.422  378.544
552.763  461.75  218.89  390.418
154.469  332.818  209.995  162.09
652.342  366.523  271.176  422.823
165.188  442.226  164.217  185.722
395.985  289.976  263.692  284.006
292.069  277.947  254.374  228.482
546.687  164.816  332.686  340.007
574.279  397.057  247.99  390.441
468.112  443.262  213.472  345.585
287.149  200.494  282.794  215.354
189.906  181.523  277.61  160.564
331.577  416.578  201.067  270.403
315.28  212.332  283.295  231.152
529.427  300.713  279.06  353.043
343.517  474.703  180.732  285.573
393.473  361.964  235.043  293.732
359.088  263.069  269.473  261.127
320.113  354.445  227.081  254.722
529.023  483.133  207.026  380.81
165.338  144.979  288.02  144.493
572.581  281.138  291.947  370.447
652.342  366.523  270.679  422.448
473.581  253.799  288.505  318.142
423.108  433.252  209.478  320.54
342.198  245.682  274.093  251.126
334.113  183.104  297.859  236.285
201.422  439.813  172.995  204.086
153.895  266.124  236.876  153.412
361.955  464.11  187.735  294.724
292.069  277.947  253.394  228.618
190.683  157.019  287.341  159.462
305.822  431.609  190.644  259.457
276.063  171.949  294.164  204.432
353.58  115.773  328.698  235.934
289.866  147.467  306.681  207.727
529.427  300.713  278.98  353.335
641.719  482.964  223.435  436.917
213.051  186.553  277.852  174.128
288.407  110.167  319.911  202.085
359.088  263.069  269.678  260.816
572.714  267.051  296.69  368.216
527.054  127.824  342.666  325.066
327.336  327.453  237.323  254.372
327.131  404.864  206.826  265.756
261.246  428.702  188.589  235.069
237.505  294.622  238.778  201.547
385.592  109.116  332.109  253.556
428.25  451.865  203.235  327.098
272.938  93.3376  324.173  193.849
538.586  476.934  209.74  385.637
499.575  102.047  350.567  308.577
551.047  218.458  315.156  349.56
494.595  368.959  246.464  346.87
363.222  373.268  225.549  281.666
572.581  281.138  292.833  368.93
435.478  411.216  219.76  323.535
290.536  381.746  210.737  242.858
215.681  344.619  214.073  197.382
616.973  133.468  352.787  368.969
405.975  78.0752  346.765  259.306
212.467  391.73  193.66  202.53
206.736  460.623  163.021  209.43
170.912  218.166  259.665  158.216
412.701  428.289  211.092  313.05
172.397  401.357  182.628  182.242
516.315  297.139  277.682  346.4
421.256  410.824  220.883  315.462
182.341  529.245  127.77  206.072
567.832  278.496  295.72  367.694
402.624  420.626  214.108  307.514
292.264  397.65  203.051  246.604
423.108  433.252  209.136  321.146
108.497  347.417  195.096  138.818
325.121  263.059  264.627  242.857
340.041  381.889  217.156  268.633
603.288  88.3351  367.474  355.869
143.826  298.353  221.42  151.954
571.098  477.012  214.849  402.553
561.46  452.035  223.396  393.658
242.591  359.396  212.504  213.452
184.865  200.004  269.734  158.809
571.905  495.326  207.376  406
101.986  340.564  200.126  134.158
244.416  283.999  244.478  202.733
313.34  481.488  175.522  272.941
414.439  447.48  202.984  320.297
294.31  484.535  168.986  259.496
563.726  362.103  261.313  382.382
226.62  318.809  225.867  199.193
329.43  184.403  298.323  232.461
194.174  208.457  267.895  169.392
602.905  408.899  245.562  405.938
232.201  373.637  203.921  210.126
253.907  422.412  186.601  229.352
401.684  348.642  242.136  294.295
134.143  340.171  206.851  151.018
275.566  97.8486  325.866  195.769
288.407  110.167  319.208  200.855
313.34  481.488  175.522  272.941
