143
527.054  127.824  342.511  324.829
386.639  182.668  303.859  263.359
579.352  257.382  301.725  369.611
657.501  463.449  234.398  440.482
165.188  442.226  164.69  185.371
652.342  366.523  270.377  422.177
249.806  269.135  253.686  202.171
99.3226  396.794  174.437  141.046
155.697  309.593  220.093  160.199
384.299  231.814  285.636  268.616
572.581  281.138  291.767  370.151
329.165  297.881  249.983  251.518
282.544  261.111  260.523  219.537
459.215  139.569  330.451  292.907
572.714  267.051  297.168  367.85
415.111  391.195  224.599  310.109
282.249  405.816  199.853  242.173
173.421  498.766  142.067  197.433
287.149  200.494  282.913  215.137
161.22  347.885  204.621  169.138
292.069  277.947  253.622  228.154
447.023  153.985  322.913  289.143
176.474  563.231  114.461  208.832
529.023  483.133  207.012  380.636
413.669  410.691  217.345  311.677
415.111  391.195  225.674  309.182
452.101  419.576  219.886  332.768
562.122  294.843  284.746  367.57
215.65  489.612  153.769  218.851
378.903  311.874  252.175  278.46
359.088  263.069  269.69  260.692
611.073  264.11  304.012  385.893
331.374  137.912  313.206  229.446
443.51  311.559  266.563  307.69
538.586  476.934  209.842  385.48
451.333  369.745  240.105  324.376
217.523  333.577  220.357  196.613
343.517  474.703  181.005  285.045
290.536  381.746  211.006  242.593
654.795  411.421  253.751  430.943
195.525  468.343  159.625  204.791
562.122  294.843  285.081  367.511
237.505  294.622  239.018  201.322
421.458  323.421  253.627  301.792
258.398  281.914  250.682  207.227
618.999  191.579  332.421  378.238
477.401  217.495  303.904  313.581
276.063  171.949  294.511  204.274
239.904  442.375  177.416  225.85
237.195  384.49  201.201  214.766
584.115  355.884  264.611  388.134
221.177  230.452  262.726  183.203
285.841  386.505  210.048  240.077
318.922  138.223  311.916  223.025
292.069  277.947  254.572  228.04
504.746  239.105  298.905  330.771
143.826  298.353  222.859  151.495
377.604  124.427  324.911  250.917
292.069  277.947  253.842  228.753
342.944  351.328  231.074  265.414
190.862  257.874  246.884  172.49
511.404  480.726  204.035  372.966
405.925  106.527  336.371  261.902
294.31  484.535  169.312  259.004
569.531  441.546  229.03  395.082
293.297  108.898  320.825  205.021
603.288  88.3351  367.176  355.553
500.882  340.292  259.039  344.875
210.978  490.714  152.445  215.333
208.71  359.812  208.205  196.072
139.026  271.63  232.467  145.807
101.275  381.97  181.629  140.442
289.866  147.467  306.818  207.625
165.188  442.226  165.882  184.914
242.591  359.396  212.814  213.237
237.195  384.49  201.866  215.631
569.84  460.185  221.409  398.592
571.905  495.326  207.425  405.583
346.34  430.556  197.937  280.106
313.34  481.488  174.216  269.923
119.899  380.961  183.817  150.067
201.041  330.812  217.555  187.457
448.011  327.258  260.055  314.21
172.397  401.357  182.931  182.681
318.711  235.194  274.119  235.242
271.252  84.2923  327.46  190.387
331.577  416.578  201.365  270.215
571.098  477.012  214.901  402.1
552.763  461.75  219.026  390.106
101.986  340.564  200.416  134.001
176.474  563.231  114.064  207.789
337.388  167.323  303.419  234.808
389.976  81.8705  343.031  251.129
358.247  438.821  196.568  287.217
220.12  362.976  208.077  203.678
515.037  318.644  268.921  347.142
329.165  297.881  250.363  250.001
184.865  200.004  269.94  158.679
271.16  282.153  251.146  217.006
327.336  327.453  237.468  254.036
386.48  278.914  267.351  277.932
309.281  126.913  315.276  216.841
165.338  144.979  288.134  144.358
493.881  178.012  319.825  317.155
344.484  289.252  255.729  256.79
296.057  461.431  177.166  258.04
507.441  307.393  273.492  343.011
457.961  164.068  321.364  296.863
278.178  433.317  185.971  244.349
582.836  94.3525  363.467  346.839
196.517  441.311  172.07  201.782
275.717  362.115  216.626  230.864
595.951  192.489  327.555  366.545
212.467  391.73  194.935  204.04
363.222  373.268  225.681  280.985
181.665  482.964  151.459  200.17
428.25  451.865  203.463  326.752
342.198  245.682  274.06  250.748
557.877  181.416  329.391  347.695
340.041  381.889  217.534  268.247
219.486  203.372  274.445  179.689
396.116  346.214  244.857  291.233
402.624  420.626  214.143  307.324
239.559  345.063  217.347  209.631
232.201  373.637  204.346  209.879
385.592  109.116  332.137  253.42
171.515  467.281  154.256  191.308
316.328  408.261  205.925  260.577
237.505  294.622  238.714  200.124
185.802  509.578  138.624  204.886
236.204  294.235  242.02  199.834
400.062  463.387  205.687  305.199
292.264  397.65  202.602  246.271
391.999  327.071  249.304  288.617
302.333  351.406  226.531  245.526
541.454  333.973  266.222  365.58
353.319  295.269  252.178  263.447
402.624  420.626  215.132  307.112
261.246  428.702  188.882  234.678
316.328  408.261  205.311  261.628
170.912  218.166  259.898  158.137
393.473  361.964  233.768  291.935
443.51  311.559  266.563  307.69
