141
237.195  384.49  197.575  215.454
193.945  400.677  183.282  193.944
202.1  196.028  269.815  169.964
419.032  221.735  288.603  284.119
376.032  370.057  223.885  285.393
170.265  549.396  114.713  202.819
656.269  443.429  238.469  435.052
352.858  477.105  176.06  289.857
182.341  529.245  122.816  204.492
428.25  451.865  199.399  325.178
189.906  181.523  273.463  160.468
143.826  298.353  218.435  151.75
343.739  114.747  321.355  232.181
529.427  300.713  275.071  352.327
459.215  139.569  326.275  292.425
344.484  289.252  251.617  256.499
494.595  368.959  243.072  345.564
444.415  132.93  326.805  283.937
500.882  340.292  255.08  344.161
363.222  373.268  220.454  279.054
391.999  327.071  245.201  288.006
552.763  461.75  215.01  388.858
609.165  297.935  286.75  389.993
433.921  252.432  280.208  297.903
288.407  110.167  315.013  200.711
176.474  563.231  110.204  208.53
641.719  482.964  219.726  435.099
239.559  345.063  213.223  209.601
391.999  327.071  244.355  287.356
379.349  294.506  258.014  278.1
185.802  509.578  134.472  204.931
468.112  443.262  209.623  344.254
229.265  236.476  257.068  189.896
405.925  106.527  332.138  261.61
226.62  318.809  221.789  198.953
386.48  278.914  263.081  277.43
354.507  417.089  201.488  281.261
346.34  430.556  195.124  279.344
652.342  366.523  266.666  420.947
165.338  144.979  285.941  146.059
652.342  366.523  267.124  421.366
457.961  164.068  317.111  296.426
201.041  330.812  213.294  187.501
296.057  461.431  173.086  257.589
155.697  309.593  215.625  160.461
309.354  266.825  256.118  236.069
288.407  110.167  315.683  201.985
520.067  179.074  319.405  329.077
361.39  311.717  244.789  268.938
346.34  430.556  194.038  279.406
386.639  182.668  299.933  262.912
253.907  422.412  182.567  229.035
293.297  108.898  316.4  205.023
435.478  411.216  216.007  322.485
421.458  323.421  249.722  301.282
267.863  82.4241  325.209  191.971
220.12  362.976  203.881  203.699
562.122  294.843  281.184  366.669
172.397  401.357  178.687  182.009
282.249  405.816  195.525  241.889
451.333  369.745  236.129  323.669
329.165  297.881  246.231  249.648
563.371  487.772  205.867  398.55
161.22  347.885  200.413  169.175
447.023  153.985  318.758  288.698
355.125  350.942  230.918  272.85
514.815  288.389  270.448  340.902
405.88  247.219  277.801  281.678
361.955  464.11  183.909  293.574
139.026  271.63  229.651  145.714
569.84  460.185  217.703  397.349
171.515  467.281  149.975  191.262
400.163  176.035  305.222  268.491
568.246  300.244  281.613  370.507
242.13  453.852  169.216  227.693
453.866  184.565  307.899  296.982
338.389  312.263  242.488  258.656
428.25  451.865  199.697  325.914
342.944  351.328  226.995  264.967
186.866  270.09  239.75  176.712
343.517  474.703  176.919  284.523
554.492  136.735  340.111  338.286
423.108  433.252  205.193  319.981
414.439  447.48  198.775  318.062
397.389  128.243  322.602  261.324
397.389  128.243  322.646  261.431
603.288  88.3351  363.041  354.854
276.063  171.949  289.945  204.117
611.073  264.11  301.312  385.05
290.536  381.746  206.829  242.271
176.474  563.231  109.925  207.609
443.51  311.559  256.5  309.451
266.209  491.089  157.19  245.91
309.281  126.913  311.63  217.265
504.746  239.105  295.997  332.251
125.002  409.73  169.012  157.07
217.523  333.577  215.984  196.597
232.88  279.024  240.286  196.226
571.905  495.326  203.647  404.37
237.505  294.622  234.697  201.075
214.906  215.384  263.227  180.088
369.582  314.003  250.371  278.49
304.963  377.611  211.36  249.528
611.073  264.11  300.197  384.896
618.999  191.579  328.236  377.482
194.174  208.457  263.671  169.393
477.401  217.495  299.882  313.049
393.473  361.964  231.222  292.879
325.121  263.059  260.582  242.485
405.4  332.863  244.198  294.16
242.591  359.396  208.452  212.831
527.796  482.467  202.15  378.734
571.905  495.326  203.857  404.647
259.116  121.778  310.13  193.706
529.023  483.133  203.168  379.395
448.011  327.258  253.601  315.161
287.149  200.494  278.554  215.055
405.975  78.0752  342.406  258.921
595.951  192.489  323.832  366.025
515.037  318.644  265.118  346.403
413.669  410.691  213.141  312.47
194.755  493.287  144.093  210.013
414.439  447.48  199.202  318.94
581.12  506.251  200.106  411.221
309.281  126.913  310.754  216.8
220.364  416.05  190.321  216.663
261.246  428.702  184.712  234.425
260.16  542.39  134.3  249.796
557.877  181.416  325.186  346.737
170.912  218.166  255.566  158.132
148.181  325.088  206.417  158.564
289.866  147.467  302.401  207.67
541.454  333.973  262.431  364.59
331.577  416.578  196.12  270.152
244.416  283.999  240.525  202.521
266.209  491.089  156.217  244.306
316.328  408.261  201.749  259.983
318.922  138.223  307.275  223.1
638.96  165.837  339.069  382.108
449.263  441.085  204.993  335.305
287.149  200.494  278.554  215.055
