142
352.858  477.105  171.245  291.508
242.13  453.852  164.337  229.162
460.599  426.084  212.162  338.84
271.252  84.2923  317.942  191.263
340.041  381.889  208.823  269.105
143.826  298.353  213.109  153.124
417.738  311.448  252.007  297.705
99.3226  396.794  164.387  142.955
315.28  212.332  274.85  231.583
208.426  313.574  217.963  192.129
290.536  381.746  202.077  243.678
368.051  150.243  309.063  247.893
232.88  279.024  235.153  197.617
97.7459  410.403  158.254  144.116
293.297  108.898  311.567  206.044
546.687  164.816  324.948  340.092
261.074  474.3  159.257  242.556
356.892  147.743  305.38  244.451
161.22  347.885  195.524  170.341
242.591  359.396  203.635  214.549
288.407  110.167  310.772  203.003
237.505  294.622  229.728  202.574
360.194  88.8488  327.136  238.745
266.209  491.089  152.428  247.544
302.333  351.406  217.58  246.481
183.735  323.127  210.115  180.824
221.177  230.452  253.313  184.692
260.98  474.553  159.257  242.556
276.063  171.949  285.083  205.322
618.999  191.579  325.107  378.465
568.246  300.244  277.863  371.808
428.25  451.865  195.476  327.334
190.862  257.874  237.256  173.961
580.441  272.924  289.386  373.036
638.96  165.837  336.008  383.201
414.439  447.48  194.559  319.643
342.944  351.328  222.384  266.265
385.592  109.116  323.399  254.059
292.069  277.947  244.883  229.808
176.474  563.231  104.808  209.223
154.469  332.818  200.633  163.51
155.697  309.593  210.336  161.807
595.951  192.489  320.429  367.044
97.0221  426.513  150.783  145.718
206.245  174.132  273.075  169.792
310.734  396.506  197.671  255.814
527.054  127.824  334.72  325.205
451.333  369.745  233.41  325.546
325.121  263.059  255.868  243.846
468.112  443.262  205.652  345.737
644.411  177.706  333.709  388.131
402.624  420.626  205.895  307.979
201.275  138.942  286.244  164.817
609.165  297.935  283.96  390.932
328.809  265.008  255.498  247.145
190.683  157.019  277.928  160.649
292.069  277.947  245.462  229.134
329.43  184.403  289.581  233.001
527.054  127.824  334.576  325.364
386.48  278.914  258.634  278.623
237.195  384.49  192.63  216.91
413.669  410.691  208.887  313.958
611.073  264.11  297.839  386.366
377.604  124.427  315.988  251.801
217.523  333.577  211.037  197.896
193.945  400.677  178.134  195.389
507.441  307.393  265.608  343.712
616.973  133.468  345.363  369.083
244.416  283.999  235.485  203.835
351.908  255.493  262.773  256.635
405.975  78.0752  338.047  259.905
182.341  529.245  117.846  206.264
305.822  431.609  183.624  260.071
657.501  463.449  227.52  440.656
304.963  377.611  204.797  250.245
563.726  362.103  253.965  382.295
173.421  498.766  132.767  199.038
239.559  345.063  208.432  211.198
447.023  153.985  315.971  289.673
272.938  93.3376  313.953  196.008
444.415  132.93  324.698  285.079
376.032  370.057  220.004  287.466
289.866  147.467  297.689  208.473
327.336  327.453  229.389  254.513
232.201  373.637  195.003  211.181
256.03  339.903  213.954  220.862
153.895  266.124  227.389  154.859
108.782  394.327  165.551  146.846
170.439  377.528  184.131  180.056
182.341  529.245  118.976  207.272
503.173  391.098  231.748  354.925
164.754  277.287  224.17  160.708
459.215  139.569  322.223  293.428
213.051  186.553  268.551  175.315
428.25  451.865  194.699  326.57
261.246  428.702  179.854  235.886
212.467  391.73  185.472  205.288
188.805  344.237  202.358  184.078
282.594  419.496  186.092  244.848
405.4  332.863  239.882  295.489
652.342  366.523  263.629  422.297
331.577  416.578  192.579  271.108
423.108  433.252  201.391  320.827
329.165  297.881  241.597  250.892
415.111  391.195  217.414  309.887
388.844  419.704  200.324  300.587
552.763  461.75  211.331  390.395
378.903  311.874  243.589  279.242
224.605  251.093  244.281  189.897
216.752  438.457  166.917  211.993
172.397  401.357  173.432  183.609
395.985  289.976  255.317  284.391
305.63  77.497  323.584  208.48
272.938  93.3376  315.051  194.975
632.917  178.234  330.44  379.916
318.711  235.194  265.211  236.258
287.149  200.494  273.795  216.232
501.686  320.838  258.841  342.781
451.333  369.745  231.927  325.015
120.047  140.829  272.104  120.615
571.098  477.012  207.708  402.446
584.115  355.884  257.433  388.449
500.882  340.292  251.069  345.474
414.439  447.48  194.971  320.636
494.595  368.959  238.834  346.805
363.222  373.268  217.182  282.093
435.478  411.216  211.849  323.798
313.34  481.488  167.128  273.552
569.531  441.546  221.62  395.5
499.859  275.844  279.405  341.052
278.178  433.317  176.875  245.584
173.421  498.766  130.962  198.558
294.31  484.535  160.71  260.43
327.336  327.453  228.744  255.016
185.802  509.578  129.974  208.383
351.565  390.866  209.294  279.526
448.212  449.808  199.046  335.541
274.509  347.767  215.609  230.14
165.188  442.226  155.111  187.053
329.165  297.881  241.224  252.477
194.755  493.287  137.771  210.437
567.832  278.496  288.233  367.7
