141
208.71  359.812  207.502  196.441
324.982  207.981  285.964  235.543
507.441  422.205  227.788  361.898
359.088  263.069  269.43  261.359
261.246  428.702  188.662  235.493
652.342  366.523  271.055  423.057
181.665  482.964  148.636  199.243
296.057  461.431  176.772  258.574
346.34  430.556  197.605  280.546
143.826  298.353  222.331  151.878
378.903  311.874  251.955  278.91
215.681  344.619  213.849  197.498
598.528  254.429  305.572  379.497
202.1  196.028  273.825  170.023
282.249  405.816  199.257  242.773
414.139  161.349  317.888  274.267
616.973  133.468  352.79  369.002
226.62  318.809  225.668  199.388
170.265  549.396  117.575  202.993
417.738  311.448  258.737  298.875
343.739  114.747  325.342  232.598
501.785  359.69  247.227  351.311
603.288  88.3351  367.362  355.947
459.215  139.569  330.353  293.305
176.474  563.231  113.638  209.255
232.201  373.637  203.672  210.286
561.686  470.392  216.688  396.825
444.415  132.93  330.355  285.033
405.88  247.219  281.753  282.623
327.336  327.453  237.099  254.493
468.112  443.262  213.483  345.684
272.938  93.3376  323.952  194.012
527.054  127.824  342.464  325.327
359.088  263.069  269.389  261.1
99.3226  396.794  173.766  141.536
527.054  127.824  342.633  325.13
271.426  473.488  168.254  246.98
405.925  106.527  336.185  262.24
562.122  294.843  285.16  367.981
351.908  255.493  271.3  256.219
224.035  130.141  302.716  173.117
189.906  181.523  277.342  160.646
252.082  311.757  234.72  212.624
217.523  333.577  219.801  197.003
451.333  369.745  240.009  324.809
294.31  484.535  169.896  261.954
267.863  82.4241  329.363  192.177
421.458  323.421  253.587  302.293
266.209  491.089  160.902  246.988
344.484  289.252  255.544  257.152
354.507  417.089  206.298  283.107
402.624  420.626  214.961  307.53
278.178  433.317  185.596  244.863
584.115  355.884  264.806  388.563
292.069  277.947  253.576  229.174
290.536  381.746  210.655  243.031
343.517  474.703  180.678  285.696
315.28  212.332  283.555  231.034
413.669  410.691  217.204  312.165
451.333  369.745  239.307  325.821
386.639  182.668  303.788  263.629
421.256  410.824  220.805  315.56
529.427  300.713  278.756  353.457
165.188  442.226  163.483  184.333
229.265  236.476  261.024  190.173
329.165  297.881  250.011  250.411
342.944  351.328  230.705  265.894
546.687  164.816  332.791  340.033
352.858  477.105  179.712  291.028
402.624  420.626  213.993  307.587
278.178  433.317  185.017  244.861
387.854  138.798  323.271  257.719
171.515  467.281  153.686  191.701
237.505  294.622  238.618  201.725
386.48  278.914  266.914  278.283
173.421  498.766  141.481  198.008
101.275  381.97  180.452  140.852
654.795  411.421  253.828  431.409
569.84  460.185  221.555  398.97
232.88  279.024  244.073  196.787
428.25  451.865  203.403  327.214
414.439  447.48  202.611  319.46
609.165  297.935  291.89  390.972
386.48  278.914  267.092  278.356
552.763  461.75  218.608  390.566
155.697  309.593  219.388  160.575
161.22  347.885  204.566  169.271
405.4  332.863  248.122  295.206
237.195  384.49  201.411  216.035
356.892  147.743  313.983  243.993
101.275  381.97  180.16  140.79
571.905  495.326  207.528  406.066
407.153  295.234  265.144  290.049
541.454  333.973  266.182  366.103
176.474  563.231  113.338  208.265
583.304  337.419  271.254  385.182
320.113  354.445  226.809  255.711
189.086  205.451  506.298  408.659
275.717  362.115  215.899  231.618
242.591  359.396  212.309  213.54
190.862  257.874  246.301  172.805
342.198  245.682  273.8  250.914
340.041  381.889  217.153  268.706
181.665  482.964  149.47  200.417
274.509  347.767  224.169  229.515
352.223  63.9278  344.251  226.609
389.976  81.8705  342.814  251.3
190.683  157.019  287.113  159.639
170.439  377.528  193.046  178.789
310.734  396.506  206.019  255.195
139.026  271.63  231.911  146.111
153.895  266.124  236.644  153.654
391.999  327.071  249.084  289.052
572.581  281.138  292.664  368.981
288.407  110.167  319.779  202.298
337.388  167.323  303.595  234.797
211.845  475.531  159.003  214.313
322.895  168.052  300.935  229.829
353.319  295.269  252.048  263.88
172.397  401.357  182.345  183.094
285.841  386.505  209.588  240.853
101.986  340.564  199.811  134.521
515.037  318.644  269.13  347.636
355.125  350.942  234.827  274.082
194.174  208.457  267.513  169.216
288.407  110.167  319.12  200.986
554.492  136.735  343.544  341.984
135.85  107.553  298.23  124.125
210.978  490.714  151.976  215.742
412.701  428.289  211.022  313.268
602.905  408.899  245.766  406.157
331.374  137.912  312.996  229.826
460.599  426.084  219.412  340.396
165.188  442.226  164.173  185.832
461.27  193.971  309.211  304.304
237.505  294.622  238.161  200.28
271.16  282.153  250.764  217.588
529.023  483.133  207.115  380.784
414.439  447.48  202.985  320.479
557.234  194.197  321.38  348.685
237.505  294.622  238.161  200.28
