139
220.364  416.05  193.411  216.024
290.536  381.746  210.131  242.122
318.711  235.194  273.192  234.917
135.85  107.553  297.861  123.531
155.697  309.593  219.237  159.785
572.714  267.051  295.926  367.646
554.808  182.557  328.75  346.413
447.023  153.985  323.267  288.847
266.209  491.089  160.579  246.001
567.765  392.111  246.996  386.023
393.473  361.964  234.23  293.031
215.681  344.619  213.513  196.559
460.599  426.084  218.848  337.83
359.088  263.069  268.797  260.511
327.131  404.864  206.152  265.002
190.683  157.019  286.693  158.967
190.862  257.874  246.083  172.121
405.925  106.527  335.271  261.643
340.606  334.47  236.809  261.204
261.074  474.3  167.325  240.732
170.265  549.396  117.558  201.842
579.352  257.382  300.568  369.526
260.98  474.553  167.325  240.732
292.069  277.947  252.664  227.908
304.963  377.611  212.585  248.424
135.85  107.553  298.564  124.459
423.108  433.252  208.717  319.532
101.275  381.97  180.446  139.912
342.944  351.328  230.171  265.032
417.738  311.448  258.121  297.894
562.122  294.843  283.913  367.259
477.401  217.495  302.691  313.2
356.892  147.743  313.264  243.333
279.376  292.339  244.924  223.422
101.275  381.97  180.442  139.806
602.905  408.899  247.887  406.431
584.115  355.884  263.526  387.767
329.165  297.881  249.413  249.678
194.174  208.457  267.113  168.57
580.441  272.924  296.416  372.204
181.665  482.964  148.514  198.207
561.46  452.035  222.729  392.729
451.333  369.745  239.107  324.017
327.336  327.453  237.128  253.184
237.195  384.49  200.461  214.489
153.895  266.124  236.286  152.886
567.832  278.496  294.475  367.095
143.826  298.353  222.011  151.123
354.507  417.089  204.635  281.333
164.754  277.287  233.108  158.609
224.035  130.141  302.088  172.513
217.523  333.577  219.448  196.203
352.858  477.105  179.111  290.002
328.809  265.008  263.569  245.767
369.582  314.003  256.706  278.16
242.591  359.396  211.98  212.694
306.315  107.631  321.927  211.393
344.484  289.252  254.827  256.398
459.215  139.569  329.407  292.652
201.041  330.812  216.54  187.074
275.717  362.115  215.737  230.436
161.22  347.885  203.878  168.654
237.195  384.49  201.018  215.192
328.672  368.591  220.08  260.124
196.517  441.311  170.504  200.029
569.84  460.185  220.513  398.072
292.069  277.947  253.736  227.71
402.624  420.626  213.13  306.763
546.687  164.816  331.454  339.321
569.531  441.546  227.979  394.695
237.505  294.622  238.154  200.77
172.397  401.357  182.151  181.539
571.905  495.326  206.381  405.208
259.116  121.778  311.911  192.018
504.746  239.105  297.694  330.373
334.113  183.104  297.075  235.78
313.34  481.488  173.365  269.441
352.223  63.9278  343.397  226.155
386.48  278.914  266.328  277.542
595.401  239.093  311.192  375.068
305.822  431.609  191.589  258.577
355.125  350.942  234.302  273.15
614.909  334.097  276.152  398.883
363.222  373.268  223.666  279.226
154.469  332.818  209.587  161.415
501.686  320.838  265.551  341.918
378.903  311.874  251.205  278.095
529.427  300.713  277.686  352.604
432.118  259.628  281.677  296.681
405.975  78.0752  345.704  258.905
435.478  411.216  218.888  322.763
220.12  362.976  207.157  203.13
170.912  218.166  259.065  157.426
402.624  420.626  214.133  306.871
188.805  344.237  211.01  182.178
552.763  461.75  217.604  389.476
541.7  124.956  345.112  330.777
293.297  108.898  319.939  204.612
171.515  467.281  153.521  190.901
419.296  338.915  246.618  303.334
266.209  491.089  159.649  244.489
448.212  449.808  205.594  333.966
342.198  245.682  273.097  250.452
186.866  270.09  243.394  176.32
287.149  200.494  281.993  214.842
202.1  196.028  273.539  169.249
282.594  419.496  194.419  243.176
397.389  128.243  325.643  261.446
386.639  182.668  302.825  263.091
211.845  475.531  158.837  213.26
189.906  181.523  277.005  160.007
221.177  230.452  261.864  182.77
428.25  451.865  202.358  326.307
652.342  366.523  270.042  422.106
414.439  447.48  201.72  318.386
363.222  373.268  224.684  280.213
387.854  138.798  322.474  257.213
444.415  132.93  332.128  284.122
239.904  442.375  176.44  225.524
622.484  515.942  207.133  433.304
331.374  137.912  312.288  229.133
237.505  294.622  237.764  199.498
210.978  490.714  151.863  214.655
551.205  481.662  211.94  394.316
267.863  82.4241  328.824  191.639
379.349  294.506  261.07  278.361
285.841  386.505  209.237  239.756
165.188  442.226  163.743  185.03
194.755  493.287  147.746  209.576
237.505  294.622  238.453  199.493
296.057  461.431  176.158  258.528
426.473  218.628  295.401  290.035
539.213  337.173  268.167  364.96
460.599  426.084  218.465  339.647
527.054  127.824  341.262  324.759
413.669  410.691  216.132  312.747
414.439  447.48  202.166  319.459
331.577  416.578  199.416  270.121
331.577  416.578  199.416  270.121
