148
514.815  288.389  268.192  343.622
386.48  278.914  259.959  280.248
288.407  110.167  310.754  203.212
266.209  491.089  153.671  248.967
242.591  359.396  204.514  215.778
495.431  407.614  225.034  356.126
417.738  311.448  251.956  300.559
282.249  405.816  192.367  244.76
155.697  309.593  211.237  163.35
290.536  381.746  203.411  245.193
155.697  309.593  211.642  164.837
547.635  93.4747  355.949  331.403
143.826  298.353  213.794  154.749
603.288  88.3351  360.834  357.473
292.069  277.947  245.875  231.385
351.908  255.493  263.939  258.137
304.963  377.611  207.849  252.492
340.606  334.47  230.412  264.021
386.48  278.914  259.787  280.123
161.22  347.885  196.394  172.084
515.037  318.644  263.578  349.379
423.108  433.252  202.927  322.248
183.735  323.127  211.068  182.147
158.375  392.964  176.886  176.355
196.517  441.311  163.014  203.525
413.669  410.691  210.53  313.877
433.921  252.432  277.384  300.57
435.478  411.216  214.565  325.756
331.374  137.912  305.159  232.037
477.401  217.495  297.308  315.892
343.517  474.703  173.803  287.445
279.376  292.339  237.719  226.424
611.073  264.11  298.117  387.837
170.912  218.166  250.951  161.241
386.639  182.668  296.739  265.394
232.88  279.024  236.116  199.058
128.106  157.663  261.722  344.468
428.25  451.865  196.918  328.795
208.426  313.574  219.058  193.79
367.89  416.701  202.474  291.44
609.165  297.935  285.77  392.589
237.505  294.622  230.677  203.869
313.34  481.488  168.591  275.261
99.3226  396.794  165.001  144.585
352.858  477.105  173.057  292.862
616.973  133.468  346.829  370.542
527.054  127.824  336.083  326.861
389.976  81.8705  335.324  253.094
237.195  384.49  193.58  218.245
220.12  362.976  199.816  206.492
309.281  126.913  306.983  219.214
459.215  139.569  323.357  295.006
328.809  265.008  256.888  245.094
193.475  452.259  158.038  204.999
318.711  235.194  266.105  237.763
504.746  239.105  292.483  332.847
652.342  366.523  265.685  424.571
224.605  251.093  245.208  191.501
139.026  271.63  223.369  148.922
460.599  426.084  213.699  340.384
287.149  200.494  274.655  217.76
355.125  350.942  227.949  276.014
271.252  84.2923  317.823  189.686
546.687  164.816  326.467  341.693
562.122  294.843  278.873  369.518
217.523  333.577  212.099  199.577
351.565  390.866  210.786  281.111
363.222  373.268  218.069  282.361
145.289  168.165  266.926  139.386
201.041  330.812  209.151  190.349
239.559  345.063  209.398  212.536
237.195  384.49  192.955  217.545
568.246  300.244  279.129  372.961
305.822  431.609  184.984  261.593
356.892  147.743  306.42  245.957
211.845  475.531  151.655  216.754
176.474  563.231  106.521  211.952
494.595  368.959  240.488  348.399
501.686  320.838  260.496  344.374
334.113  183.104  290.076  238.319
188.805  344.237  203.205  185.624
412.984  115.096  327.163  268.961
338.389  312.263  238.313  259.547
361.955  464.11  180.951  296.622
426.454  371.767  227.912  314.544
327.336  327.453  230.369  255.991
226.59  453.168  164.163  224.582
378.903  311.874  244.871  280.934
185.802  509.578  130.687  208.257
363.222  373.268  217.304  281.851
614.909  334.097  271.84  401.088
189.906  181.523  268.914  163.167
135.85  107.553  289.302  126.96
638.96  165.837  337.401  384.819
304.963  377.611  206.046  251.763
201.275  138.942  286.921  166.267
554.808  182.557  323.806  348.303
296.057  461.431  169.855  260.541
293.297  108.898  312.429  207.483
239.904  442.375  169.554  228.753
652.342  366.523  265.139  424.168
448.212  449.808  200.826  337.339
190.683  157.019  278.601  162.106
622.484  515.942  203.297  435.494
448.011  327.258  251.237  317.668
344.484  289.252  248.175  259.313
460.599  426.084  213.195  342.169
572.581  281.138  286.398  370.72
361.955  464.11  180.399  296.693
292.264  397.65  195.962  248.916
584.115  355.884  258.995  390.14
194.174  208.457  259.27  172.006
224.035  130.141  294.082  175.669
286.173  361.043  210.742  241.645
184.865  200.004  261.104  161.309
143.826  298.353  212.491  155.063
329.165  297.881  242.427  253.977
202.1  196.028  265.484  172.654
182.341  529.245  119.217  207.84
402.624  420.626  207.465  309.382
352.223  63.9278  336.395  228.574
654.795  411.421  248.254  433.173
552.763  461.75  213.134  392.025
401.684  348.642  235.289  296.157
270.777  500.698  148.952  253.824
569.531  441.546  223.442  397.173
413.669  410.691  210.295  315.368
379.349  294.506  254.76  280.95
282.544  261.111  252.44  222.392
285.841  386.505  202.335  242.878
551.205  481.662  207.446  396.646
571.098  477.012  209.556  403.992
569.84  460.185  215.939  400.568
171.515  467.281  145.814  194.519
292.264  397.65  195.272  248.898
571.905  495.326  202.11  407.6
387.854  138.798  315.976  259.553
317.717  474.971  165.065  268.708
411.215  63.7475  345.222  262.703
278.178  433.317  178.114  247.187
571.905  495.326  201.927  407.637
583.267  486.532  207.542  411.335
541.454  333.973  260.175  367.639
316.328  408.261  198.836  262.144
170.265  549.396  112.805  203.73
402.624  420.626  208.626  309.254
186.866  270.09  235.344  179.591
170.265  549.396  112.805  203.73
