148
346.34  430.556  193.302  278.779
428.25  451.865  198.875  325.297
232.88  279.024  239.719  195.456
343.739  114.747  320.732  231.463
609.165  297.935  286.96  389.222
242.13  453.852  168.698  226.82
546.687  164.816  328.874  339.973
414.439  447.48  198.563  317.413
538.301  145.589  333.73  331.866
477.401  217.495  299.099  312.488
202.1  196.028  269.351  168.959
386.48  278.914  262.465  276.765
237.505  294.622  234.166  200.38
457.961  164.068  316.416  295.929
193.945  400.677  182.299  191.654
527.054  127.824  338.087  323.581
652.342  366.523  266.885  420.814
282.249  405.816  195.154  241.018
351.908  255.493  266.799  254.866
201.422  439.813  168.676  202.865
405.88  247.219  276.974  281.226
208.71  359.812  203.406  195.071
378.903  311.874  247.413  277.43
309.281  126.913  311.056  216.498
391.999  327.071  243.87  286.853
359.088  263.069  264.899  259.854
329.165  297.881  245.582  248.943
334.113  183.104  293.026  234.522
217.523  333.577  215.461  195.661
220.364  416.05  189.483  215.44
290.536  381.746  206.226  241.473
413.669  410.691  212.547  311.72
176.474  563.231  109.451  206.499
359.088  263.069  264.914  259.601
242.591  359.396  207.914  212.052
296.057  461.431  172.435  256.832
391.999  327.071  244.674  287.423
184.865  200.004  265.163  157.936
638.96  165.837  338.4  381.755
237.505  294.622  233.804  199.036
344.484  289.252  250.945  255.76
568.246  300.244  280.983  370.141
468.112  443.262  209.143  343.62
224.035  130.141  297.937  172.247
292.069  277.947  249.026  227.849
355.125  350.942  230.505  272.485
352.858  477.105  175.498  289.21
507.441  307.393  268.873  341.705
292.069  277.947  249.725  227.137
239.559  345.063  213.032  209.092
292.264  397.65  198.721  245.116
176.474  563.231  109.872  207.636
397.389  128.243  321.933  260.601
181.665  482.964  146.834  199.124
574.279  397.057  243.625  388.324
260.16  542.39  134.1  249.637
376.032  370.057  223.247  284.564
329.165  297.881  246.682  248.973
529.427  300.713  274.289  351.776
343.517  474.703  176.255  283.787
423.108  433.252  204.458  319.394
237.195  384.49  197.085  214.596
354.507  417.089  200.889  280.481
292.069  277.947  248.536  227.44
194.174  208.457  262.902  168.174
387.854  138.798  318.744  256.642
182.341  529.245  123.421  204.592
318.711  235.194  269.313  234.336
173.421  498.766  137.46  196.317
400.163  176.035  304.525  268.122
101.275  381.97  176.24  139.654
363.222  373.268  220.911  279.795
451.333  369.745  234.639  324.038
504.746  239.105  294.215  329.611
379.349  294.506  257.338  277.404
411.215  63.7475  347.732  259.841
340.041  381.889  212.84  266.95
360.194  88.8488  330.939  237.266
155.697  309.593  215.114  159.411
393.473  361.964  228.544  292.259
305.822  431.609  186.153  257.905
402.624  420.626  210.9  305.653
389.976  81.8705  337.985  250.155
405.925  106.527  331.48  261.048
552.763  461.75  214.505  388.371
201.275  138.942  290.878  162.793
414.439  447.48  198.583  318.371
226.62  318.809  221.288  198.003
161.22  347.885  200.038  168.063
393.473  361.964  230.517  292.205
211.845  475.531  154.929  212.712
402.624  420.626  209.718  305.743
449.263  441.085  204.226  334.47
335.334  209.002  283.923  238.665
428.25  451.865  198.309  324.438
239.904  442.375  172.729  224.762
602.905  408.899  244.502  404.907
278.178  433.317  180.717  243.143
170.246  336.313  205.455  170.271
309.281  126.913  310.211  216.073
288.407  110.167  314.578  199.94
459.215  139.569  325.457  292.027
448.011  327.258  255.484  312.927
415.111  391.195  221.072  307.885
201.041  330.812  212.603  186.592
170.439  377.528  188.87  177.478
477.401  217.495  299.733  310.995
282.594  419.496  190.391  242.515
435.478  411.216  215.346  321.833
216.752  438.457  171.448  209.485
584.115  355.884  260.278  386.523
562.122  294.843  280.552  366.163
172.397  401.357  178.159  181.083
382.834  140.593  314.93  254.625
426.454  371.767  229.916  310.898
318.922  138.223  307.112  222.189
135.85  107.553  293.692  123.376
447.023  153.985  318.293  288.113
500.882  340.292  254.058  343.841
569.84  460.185  217.128  396.711
405.4  332.863  243.521  293.592
194.755  493.287  142.282  207.302
173.421  498.766  135.632  195.839
567.765  392.111  243.569  384.815
563.726  362.103  256.602  380.287
313.34  481.488  171.256  271.315
421.458  323.421  248.923  300.538
282.544  261.111  255.692  218.851
153.895  266.124  232.282  152.527
368.051  150.243  313.201  246.019
274.509  347.767  219.879  227.936
541.454  333.973  261.646  364.211
641.719  482.964  219.048  434.5
438.253  417.003  222.671  320.112
185.802  509.578  134.525  205.602
562.122  294.843  280.151  366.155
213.051  186.553  272.982  173.388
285.841  386.505  205.346  239.091
287.149  200.494  277.932  214.382
554.492  136.735  338.8  340.529
448.212  449.808  202.38  333.464
305.63  77.497  327.673  207.058
271.16  282.153  246.189  216.066
417.738  311.448  255.52  295.747
515.037  318.644  264.372  346.008
551.205  481.662  208.64  392.798
306.713  284.116  246.914  237.135
368.051  150.243  313.201  246.019
