153
504.746  239.105  296.039  333.156
574.279  397.057  244.211  390.06
287.149  200.494  280.53  215.977
557.877  181.416  325.28  347.789
181.665  482.964  146.243  200.556
338.389  312.263  241.76  257.41
293.297  108.898  316.684  205.578
419.296  338.915  243.63  303.951
224.035  130.141  298.952  173.437
382.834  140.593  315.805  256.001
186.866  270.09  240.092  177.179
143.826  298.353  218.735  152.2
189.906  181.523  273.82  160.91
405.88  247.219  277.877  282.568
331.577  416.578  197.42  270.54
421.256  410.824  216.989  315.327
407.153  295.234  261.019  290.176
395.985  289.976  259.866  284.049
215.681  344.619  210.38  197.548
195.502  585.723  377.263  305.375
552.763  461.75  215.537  390.083
402.624  420.626  210.443  307.374
378.903  311.874  248.169  278.891
202.1  196.028  270.107  170.511
435.478  411.216  217.06  323.88
237.195  384.49  197.791  216.052
155.697  309.593  215.997  160.885
494.595  368.959  243.066  346.612
292.264  397.65  199.387  246.694
309.281  126.913  311.401  217.494
172.397  401.357  178.925  182.576
351.908  255.493  267.525  256.298
402.624  420.626  211.333  307.462
302.333  351.406  222.459  245.879
423.108  433.252  205.298  321.022
363.222  373.268  220.599  280.024
552.763  461.75  214.91  390.245
254.093  447.591  173.849  234.818
529.427  300.713  275.062  352.937
270.777  500.698  152.612  251.782
460.599  426.084  216.035  338.448
328.672  368.591  216.901  260.877
276.063  171.949  290.295  204.769
278.178  433.317  181.467  244.741
232.88  279.024  240.557  196.926
170.439  377.528  189.66  178.969
229.265  236.476  257.366  190.439
108.782  394.327  171.613  145.644
165.188  442.226  161.961  185.457
190.862  257.874  242.881  173.103
226.62  318.809  222.104  199.462
451.333  369.745  236.204  324.646
252.082  311.757  229.906  211.803
561.46  452.035  219.633  393.36
324.982  207.981  282.328  235.571
208.426  313.574  223.436  191.478
237.505  294.622  234.991  201.721
220.12  362.976  203.989  204.024
342.944  351.328  227.139  265.728
428.25  451.865  199.59  326.964
572.581  281.138  288.679  368.775
438.253  417.003  223.263  321.877
290.536  381.746  207.023  242.993
220.364  416.05  189.469  217.002
361.955  464.11  183.319  294.746
99.3226  396.794  170.165  141.753
405.925  106.527  332.151  262.361
97.0221  426.513  156.639  144.523
569.84  460.185  217.608  398.597
354.507  417.089  201.572  282.097
415.111  391.195  221.906  309.416
477.401  217.495  299.836  313.858
154.469  332.818  206.314  162.543
322.614  453.005  180.791  272.22
155.697  309.593  216.376  162.39
352.858  477.105  176.105  290.846
184.865  200.004  265.924  159.302
421.458  323.421  249.686  302.102
567.765  392.111  244.231  386.526
423.108  433.252  205.744  320.306
306.713  284.116  249.72  238.299
396.116  346.214  241.138  291.491
386.48  278.914  263.073  278.219
435.478  411.216  215.977  323.478
571.905  495.326  203.5  405.666
611.073  264.11  300.141  386.015
181.665  482.964  145.398  199.21
386.48  278.914  263.281  278.303
618.999  191.579  328.497  378.326
242.591  359.396  208.81  213.667
386.639  182.668  300.015  263.72
261.074  474.3  164.191  241.679
584.115  355.884  260.816  388.248
260.98  474.553  164.191  241.679
101.986  340.564  195.635  135.863
139.026  271.63  228.435  146.495
236.295  512.918  140.575  233.484
165.188  442.226  160.567  186.031
252.082  311.757  231.253  212.576
237.505  294.622  234.664  200.522
275.717  362.115  212.518  231.453
516.315  297.139  273.787  346.224
176.474  563.231  110.498  209.231
448.212  449.808  203.248  335.298
266.209  491.089  157.392  246.776
554.492  136.735  340.317  339.061
306.048  316.099  238.348  241.675
459.215  139.569  326.351  293.31
282.594  419.496  190.709  244.306
261.246  428.702  185.039  235.037
143.826  298.353  217.479  152.401
337.388  167.323  299.319  235.452
355.125  350.942  231.222  273.92
335.334  209.002  284.789  239.983
331.374  137.912  309.194  230.055
447.023  153.985  318.892  289.481
125.002  409.73  169.456  157.691
289.866  147.467  302.775  208.143
244.416  283.999  240.855  203.056
304.963  377.611  205.855  250.047
363.222  373.268  221.793  281.59
412.701  428.289  207.291  313.016
414.439  447.48  199.312  320.057
266.369  108.807  313.765  194.99
487.993  132.735  332.93  306.657
313.34  481.488  171.905  272.946
241.032  478.748  158.492  233.973
329.165  297.881  246.132  251.939
258.674  207.74  271.471  199.959
282.544  261.111  256.511  220.064
176.474  563.231  110.193  208.303
329.43  184.403  294.394  232.549
285.841  386.505  206.02  240.616
595.951  192.489  323.888  367.126
457.961  164.068  317.234  297.301
563.726  362.103  257.894  380.516
353.58  115.773  324.904  236.179
405.975  78.0752  342.629  259.694
139.026  271.63  227.995  147.943
393.473  361.964  229.88  292.379
563.726  362.103  257.389  382.189
583.304  337.419  266.727  385.108
616.973  133.468  348.772  368.989
352.223  63.9278  340.27  226.872
226.62  318.809  220.735  200.658
210.978  490.714  148.627  215.639
260.16  542.39  134.142  250.321
560.603  108.966  351.093  339.225
567.832  278.496  291.797  367.512
453.866  184.565  307.676  298.038
419.969  170.632  309.116  280.58
527.054  127.824  338.508  325.118
571.905  495.326  203.5  405.666
