127
638.96  165.837  338.686  381.655
359.088  263.069  264.998  259.634
181.665  482.964  147.076  198.741
288.407  110.167  315.418  200.49
391.999  327.071  243.489  287.057
239.559  345.063  213.118  208.418
170.265  549.396  114.766  201.378
386.48  278.914  262.578  276.449
293.297  108.898  316.168  203.407
327.336  327.453  233.386  252.065
170.439  377.528  188.648  175.839
389.976  81.8705  338.238  249.721
239.904  442.375  174.149  224.399
145.289  168.165  271.303  134.823
563.371  487.772  205.677  398.41
232.201  373.637  199.638  208.328
595.401  239.093  306.429  372.587
190.862  257.874  242.046  171.244
165.188  442.226  161.267  183.523
173.421  498.766  137.717  195.827
271.252  84.2923  322.317  188.756
346.34  430.556  193.542  278.522
379.349  294.506  257.482  277.155
367.89  416.701  205.175  287.388
212.467  391.73  189.361  200.572
155.697  309.593  215.434  159.032
552.763  461.75  214.837  388.407
193.945  400.677  182.999  192.741
507.441  422.205  223.711  359.746
572.581  281.138  287.58  368.71
176.474  563.231  109.923  206.797
356.892  147.743  309.424  242.41
170.912  218.166  255.25  156.602
237.195  384.49  196.922  214.009
414.439  447.48  198.253  317.311
309.281  126.913  310.115  215.422
397.389  128.243  322.152  260.174
182.341  529.245  122.787  203.209
220.12  362.976  203.636  202.456
405.4  332.863  243.861  293.904
657.501  463.449  230.02  439.001
652.342  366.523  266.179  420.944
507.441  307.393  269.043  341.527
214.906  215.384  262.928  178.484
387.854  138.798  318.929  256.293
541.7  124.956  341.742  329.737
342.198  245.682  269.3  249.422
315.28  212.332  279.208  229.247
641.719  482.964  219.397  434.881
351.908  255.493  266.762  254.416
361.39  311.717  244.337  267.806
529.427  300.713  274.916  351.73
584.115  355.884  260.531  386.711
221.177  230.452  257.926  181.462
352.858  477.105  175.776  288.989
325.121  263.059  260.348  241.013
276.063  171.949  289.524  203.095
316.328  408.261  201.114  260.3
229.265  236.476  256.743  188.364
567.765  392.111  244.748  385.429
382.834  140.593  315.131  254.08
158.375  392.964  180.992  171.786
468.112  443.262  209.311  343.783
571.905  495.326  203.221  404.186
428.25  451.865  199.024  325.287
302.333  351.406  221.96  243.886
500.882  340.292  254.466  343.609
611.073  264.11  300.271  385.244
563.45  313.888  273.647  370.177
451.333  369.745  235.476  323.191
190.683  157.019  282.717  158.075
171.515  467.281  149.837  189.805
400.163  176.035  304.744  267.588
558.198  383.429  245.803  378.922
327.131  404.864  202.671  263.989
224.035  130.141  298.123  171.567
447.023  153.985  319.597  287.931
331.577  416.578  196.528  269.055
569.531  441.546  224.458  393.744
354.507  417.089  201.211  280.216
340.606  334.47  233.22  260.061
196.517  441.311  167.816  200.348
329.165  297.881  246.847  248.599
385.592  109.116  327.37  252.18
338.389  312.263  242.171  257.791
386.639  182.668  299.642  261.762
368.051  150.243  313.505  245.519
562.122  294.843  280.549  366.358
451.333  369.745  234.904  324.034
516.315  297.139  273.265  344.43
287.149  200.494  279.858  213.825
139.026  271.63  227.561  144.488
172.397  401.357  178.175  180.738
176.474  563.231  110.254  206.241
568.246  300.244  280.879  369.96
316.328  408.261  201.52  259.121
402.624  420.626  210.986  305.555
101.275  381.97  176.851  138.785
153.895  266.124  232.061  152.144
202.1  196.028  269.395  168.523
242.591  359.396  208.036  211.285
419.032  221.735  288.126  283.208
657.501  463.449  230.741  438.626
310.734  396.506  201.989  253.059
363.222  373.268  221.195  279.6
154.469  332.818  205.923  160.481
287.149  200.494  278.093  213.762
405.88  247.219  277.495  280.548
282.594  419.496  190.503  242.594
435.478  411.216  215.541  321.756
327.336  327.453  232.443  252.622
261.246  428.702  184.486  233.232
344.484  289.252  250.934  255.6
185.802  509.578  134.978  205.396
292.069  277.947  250.016  226.504
444.415  132.93  325.672  285.125
288.407  110.167  315.038  199.087
414.439  447.48  198.675  318.176
278.178  433.317  180.952  243.258
303.205  352.486  221.96  243.886
139.026  271.63  229.432  144.095
272.938  93.3376  319.451  192.63
101.986  340.564  195.026  133.614
563.726  362.103  256.746  380.552
417.738  311.448  255.826  295.525
220.364  416.05  189.499  214.921
274.509  347.767  220.025  227.637
