136
554.492  136.735  336.999  339.206
557.685  355.706  253.993  375.575
342.198  245.682  266.498  251.463
345.759  189.519  289.149  244.563
378.903  311.874  244.513  279.17
239.559  345.063  209.991  211.051
405.88  247.219  274.252  282.82
329.165  297.881  242.707  250.697
447.023  153.985  315.463  289.754
193.475  452.259  158.663  203.157
354.507  417.089  197.993  282.405
477.401  217.495  296.499  314.148
170.265  549.396  111.331  203.972
276.063  171.949  286.417  205.263
363.222  373.268  216.813  280.284
327.336  327.453  230.421  254.38
266.209  491.089  153.599  247.299
229.265  236.476  253.484  191.019
282.249  405.816  191.939  243.174
644.411  177.706  333.919  388.163
459.215  139.569  322.96  293.608
567.765  392.111  240.984  386.764
397.389  128.243  319.116  262.236
456.738  153.354  318.048  294.541
451.333  369.745  232.604  325.024
405.4  332.863  240.715  295.995
494.595  368.959  239.046  346.827
529.427  300.713  271.855  353.63
254.093  447.591  168.703  234.064
358.247  438.821  188.803  288.006
279.376  292.339  237.989  224.835
413.669  410.691  209.903  312.357
161.22  347.885  196.81  170.352
359.088  263.069  262.11  261.62
290.536  381.746  203.305  243.599
221.177  230.452  254.771  184.001
447.023  153.985  316.719  289.793
507.441  307.393  266.104  343.548
529.427  300.713  271.914  353.194
500.882  340.292  251.415  345.602
176.474  563.231  106.722  209.978
360.194  88.8488  328.225  238.58
195.525  468.343  151.721  205.947
340.606  334.47  230.062  262.428
143.826  298.353  214.89  152.827
220.364  416.05  186.734  218.047
220.12  362.976  199.123  203.475
155.697  309.593  212.345  161.422
652.342  366.523  263.769  422.328
417.738  311.448  252.889  297.481
541.7  124.956  339.106  331.407
324.982  207.981  278.689  235.991
202.1  196.028  266.251  170.899
289.866  147.467  298.832  208.605
407.153  295.234  256.956  290.806
343.517  474.703  173.467  285.847
389.976  81.8705  335.308  251.668
546.687  164.816  325.387  340.084
386.48  278.914  259.564  278.592
386.48  278.914  259.368  278.566
538.586  476.934  202.523  385.991
260.16  542.39  131.45  252.526
335.334  209.002  281.028  240.298
237.195  384.49  193.63  216.681
632.917  178.234  330.873  379.926
201.275  138.942  287.834  164.44
654.795  411.421  246.697  431.24
384.299  231.814  277.868  269.517
515.037  318.644  262.028  347.72
272.938  93.3376  316.551  195.18
196.517  441.311  164.439  202.898
428.25  451.865  195.435  326.501
346.34  430.556  190.313  280.866
237.505  294.622  231.068  202.014
457.961  164.068  314.663  297.695
652.342  366.523  264.042  422.777
254.093  447.591  168.744  234.577
292.264  397.65  195.628  247.239
296.057  461.431  169.408  259.022
581.12  506.251  196.833  412.91
294.31  484.535  162.867  262.272
329.43  184.403  290.964  232.688
344.484  289.252  247.871  257.772
569.84  460.185  214.505  398.784
571.905  495.326  200.314  405.878
226.62  318.809  217.998  200.282
305.822  431.609  184.634  260.017
293.297  108.898  312.889  205.731
327.336  327.453  229.632  254.895
572.714  267.051  289.83  368.147
571.098  477.012  207.794  402.403
237.505  294.622  230.738  200.801
242.591  359.396  204.869  213.938
529.023  483.133  199.857  380.952
292.264  397.65  194.97  247.211
611.073  264.11  298.063  386.37
557.877  181.416  322.494  348.148
331.577  416.578  193.599  271.178
217.523  333.577  212.513  197.677
380.905  407.518  206.041  293.776
135.85  107.553  290.648  125.296
316.328  408.261  198.483  260.858
194.174  208.457  258.786  169.648
316.328  408.261  197.808  262.671
139.026  271.63  224.213  147.225
139.026  271.63  226.167  146.82
292.069  277.947  246.94  228.968
495.431  407.614  222.318  353.564
552.763  461.75  211.591  390.549
186.866  270.09  236.111  177.982
318.922  138.223  303.946  223.972
571.905  495.326  200.513  406.215
541.454  333.973  258.918  366.113
239.904  442.375  169.814  227.402
278.178  433.317  177.851  245.557
286.173  361.043  210.805  239.798
255.342  407.718  186.83  227.654
211.845  475.531  151.891  214.956
560.603  108.966  347.699  339.364
196.517  441.311  163.457  201.312
153.895  266.124  228.578  154.775
331.577  416.578  192.654  271.482
413.669  410.691  209.522  313.866
402.624  420.626  207.65  307.856
527.054  127.824  335.087  325.426
557.234  194.197  314.256  349.1
393.473  361.964  226.754  295.837
363.222  373.268  217.976  281.801
355.125  350.942  227.64  274.592
411.215  63.7475  344.987  261.398
119.899  380.961  174.896  153.021
285.841  386.505  202.313  241.263
305.63  77.497  324.828  208.814
194.755  493.287  140.757  211.325
210.978  490.714  145.087  216.197
194.755  493.287  140.757  211.325
