140
562.122  294.843  286.952  363.77
324.982  207.981  288.195  230.785
569.84  460.185  223.576  394.832
143.826  298.353  224.214  146.648
338.389  312.263  247.442  252.742
215.65  489.612  155.068  214.542
290.536  381.746  212.635  238.282
386.48  278.914  269.108  273.794
343.517  474.703  182.578  281.142
501.686  320.838  268.689  338.572
567.765  392.111  250.212  382.62
237.505  294.622  240.7  196.623
342.944  351.328  232.779  261.183
428.25  451.865  205.2  322.849
282.249  405.816  201.402  237.957
504.746  239.105  302.307  329.058
414.439  447.48  204.89  315.997
155.697  309.593  221.423  155.349
500.882  340.292  260.911  340.893
327.336  327.453  239.733  249.365
188.323  232.046  258.846  160.817
571.098  477.012  216.947  398.416
334.113  183.104  299.945  231.826
379.349  294.506  264.084  274.556
220.12  362.976  209.652  199.296
232.88  279.024  246.269  191.795
561.46  452.035  225.459  389.644
433.921  252.432  286.447  294.413
516.315  297.139  279.856  342.092
242.591  359.396  214.326  208.689
569.531  441.546  231.065  391.378
289.866  147.467  308.83  202.867
459.215  139.569  332.533  288.955
153.895  266.124  238.658  148.292
237.195  384.49  203.459  211.169
527.054  127.824  345.154  320.75
405.88  247.219  283.781  278.196
393.473  361.964  235.623  287.982
184.865  200.004  271.7  153.491
346.34  430.556  201.006  275.902
220.364  416.05  196.008  212.416
395.985  289.976  265.687  279.661
320.955  53.7008  346.413  206.567
527.796  482.467  208.047  376.222
468.112  443.262  215.265  341.501
99.3226  396.794  175.282  136.138
276.063  171.949  296.404  199.753
494.595  368.959  248.35  342.635
302.333  351.406  228.16  241.227
571.905  495.326  209.433  401.951
563.45  313.888  280.394  367.66
359.088  263.069  271.66  256.661
213.051  186.553  279.932  169.13
165.188  442.226  167.122  180.25
129.567  424.242  168.466  155.596
515.037  318.644  271.179  343.18
527.054  127.824  344.828  320.904
244.416  283.999  246.434  198.045
313.34  481.488  175.723  265.953
274.509  347.767  226.414  224.637
447.023  153.985  326.432  285.115
249.806  269.135  255.47  197.537
546.687  164.816  334.974  335.918
405.4  332.863  250.236  290.737
170.439  377.528  195.006  173.732
119.899  380.961  185.009  145.154
181.665  482.964  152.645  195.621
326.867  388.27  216.173  258.26
552.763  461.75  221.002  386.225
581.12  506.251  206.193  408.868
527.054  127.824  344.737  321.02
282.544  261.111  262.329  215.325
176.474  563.231  114.991  203.155
239.559  345.063  219.226  205.376
499.859  275.844  288.998  336.19
155.697  309.593  221.852  156.929
296.057  461.431  178.96  254.225
567.765  392.111  251.031  383.03
602.905  408.899  247.792  401.855
208.71  359.812  209.662  191.531
376.032  370.057  229.759  281.968
261.246  428.702  190.357  230.417
356.892  147.743  316.163  239.284
417.738  311.448  261.119  294.25
101.986  340.564  200.852  130.165
529.023  483.133  209.089  377.281
354.507  417.089  207.218  277.746
361.39  311.717  251.389  266.138
254.093  447.591  179.177  230.052
216.752  438.457  177.524  206.496
188.805  344.237  213.162  177.924
252.082  311.757  231.926  208.825
501.686  320.838  269.902  338.674
343.739  114.747  327.57  227.853
181.665  482.964  151.247  195.433
293.297  108.898  322.896  200.653
426.454  371.767  236.38  308.353
171.515  467.281  155.404  186.762
423.108  433.252  211.027  316.863
288.407  110.167  321.269  196.158
143.826  298.353  223.024  146.898
172.397  401.357  184.226  177.35
256.03  339.903  224.847  215.092
329.165  297.881  251.714  247.229
435.478  411.216  221.748  319.327
296.907  241.458  271.454  219.702
393.473  361.964  234.981  289.354
285.841  386.505  211.911  233.526
210.978  490.714  153.872  210.809
331.374  137.912  315.243  225.107
251.975  411.389  195.948  221.218
346.34  430.556  199.86  275.872
563.726  362.103  263.609  378.358
541.454  333.973  268.266  361.819
229.265  236.476  263.336  185.399
255.342  407.718  196.124  222.249
172.397  401.357  184.199  177.954
644.411  177.706  343.174  384.159
341.285  80.1779  338.637  222.077
339.261  70.6365  100.248  230.107
316.328  408.261  207.17  257.531
405.975  78.0752  348.994  254.986
165.188  442.226  165.842  180.751
219.486  203.372  276.269  174.932
258.398  281.914  252.323  202.695
316.328  408.261  207.629  256.294
331.577  416.578  202.762  266.271
135.85  107.553  300.456  118.691
329.43  184.403  300.417  227.759
190.683  157.019  289.432  154.252
170.912  218.166  261.644  153.19
461.27  193.971  311.028  300.208
477.401  217.495  306.58  308.119
417.738  311.448  262.156  293.008
448.011  327.258  259.976  309.91
369.582  314.003  258.916  273.914
539.213  337.173  271.166  361.681
241.032  478.748  163.798  229.439
194.174  208.457  269.72  164.121
339.261  70.6365  100.248  230.107
