3 800 600 0.8
67  64  
3
1
3
168.662  340.145  2.4  121.98  213  169  181  187  34  225  90  187  183  57  229  59  6  114  142  59  67  214  74  187  74  239  71  188  178  230  39  61  151  235  154  60  113  74  85  61  176  187  68  188  102  106  123  61  225  235  98  60  197  121  23  186  166  163  238  58  36  193  127  59  166  163  238  58
468.169  81.6166  2.4  353.525  37  233  127  186  183  167  212  57  154  181  129  58  92  101  135  59  168  185  181  187  37  189  150  188  45  180  41  60  89  204  104  61  24  120  21  187  131  48  209  187  90  34  73  60  90  181  42  61  215  141  2  187  89  30  113  59  35  6  42  59  79  169  117  59
473.923  186.828  1.6  9.15602  33  104  106  186  199  224  192  185  243  100  202  58  93  183  252  58  88  168  79  188  35  86  5  188  17  117  201  60  200  8  126  60  32  12  117  61  193  107  67  188  128  27  120  61  193  107  67  60  230  28  33  186  186  16  118  185  5  35  38  58  139  42  179  57
4
1
168.405  337.164  2.4  113.877  41  222  206  187  247  44  240  186  163  130  237  59  23  244  55  59  29  151  180  187  12  10  199  187  56  54  47  61  77  191  142  60  156  68  100  61  59  118  45  188  4  125  135  61  35  232  93  60  187  113  86  187  117  46  231  58  193  205  88  59  227  234  231  58
6
169.892  339.715  1.6  97.5401  178  179  178  186  246  118  199  186  58  111  149  59  232  149  235  58  131  213  69  61  24  29  206  188  151  197  175  61  107  212  249  60  50  72  140  59  209  5  254  185  225  84  76  60  244  90  173  59  245  25  142  185  32  238  115  57  160  177  178  58  83  148  218  57
467.485  79.0029  1.6  300.096  184  173  57  57  187  87  39  186  172  0  110  58  44  145  130  59  250  46  187  59  120  184  198  188  140  78  179  60  125  23  55  61  18  235  4  60  140  70  232  188  5  79  53  60  200  35  233  60  135  72  217  56  9  66  152  185  142  151  53  57  167  248  176  57
334.651  180.669  0.8  356.942  19  49  238  186  96  154  39  58  247  193  149  59  245  37  55  59  207  153  158  187  252  109  150  59  138  88  128  60  93  205  227  60  139  243  66  60  168  58  177  59  198  25  56  61  202  6  125  60  32  173  73  59  11  150  181  59  184  176  100  59  240  26  203  59
171.182  339.089  2.4  100.106  186  39  56  187  181  95  205  185  123  57  240  59  79  85  133  58  26  5  72  61  165  182  7  189  9  178  150  61  32  186  12  61  184  222  133  58  214  39  13  59  118  140  41  60  149  215  129  59  150  247  158  186  230  84  5  58  9  230  16  59  136  130  116  58
163.932  326.647  0.8  118.862  234  232  238  58  189  128  169  57  97  239  133  59  20  158  211  58  75  182  100  60  122  46  140  188  76  158  16  61  225  145  213  60  224  172  58  61  164  127  76  189  95  74  59  61  164  127  76  61  135  168  80  186  143  167  41  184  184  174  4  59  88  224  108  58
473.638  186.969  0.8  313.226  140  23  10  187  69  186  97  187  87  124  173  59  115  153  154  59  42  87  101  188  61  156  241  187  81  2  183  60  187  234  93  60  238  56  135  61  140  87  101  188  137  58  136  61  140  87  101  60  16  143  137  184  253  162  145  185  248  228  179  56  43  18  152  57
9
175.977  345.885  2.4  48.4155  112  98  99  58  18  194  9  58  169  187  36  59  71  82  143  58  99  170  23  61  18  227  210  188  104  46  136  61  210  235  218  60  27  45  7  59  83  221  29  59  159  214  131  60  127  110  1  60  75  121  147  187  203  147  161  59  197  60  162  59  188  199  165  59
461.679  84.3844  2.4  263.806  223  45  116  185  53  68  153  59  123  178  20  58  64  102  153  59  45  91  23  188  221  33  145  59  178  132  48  60  49  222  143  61  255  40  232  187  22  231  138  60  12  140  129  60  123  235  124  61  152  115  137  187  222  31  231  59  51  244  154  59  224  146  235  59
166.389  326.418  1.6  87.83  174  95  18  187  234  185  227  185  88  144  97  59  46  173  69  59  143  115  23  61  163  158  88  189  237  102  52  61  13  165  102  61  158  201  189  60  160  17  28  189  46  218  212  60  102  39  30  61  205  45  83  58  224  116  131  56  53  99  107  58  43  7  158  57
254.487  393.331  0  27.9513  176  158  242  57  107  230  48  185  156  19  45  58  225  142  1  58  9  109  193  188  186  64  163  188  202  53  242  60  19  179  169  60  105  42  103  61  83  146  4  188  4  205  136  61  84  154  11  60  227  89  158  57  109  13  107  56  242  172  160  57  183  118  31  57
159.632  281.158  0  96.5521  96  76  137  187  121  227  217  186  96  76  137  59  211  111  48  59  91  243  218  186  254  120  119  188  61  70  238  60  113  5  190  60  50  186  130  61  128  12  101  188  226  117  131  61  37  109  105  60  46  157  17  185  144  245  174  185  18  43  129  57  177  165  177  57
166.602  353.021  1.6  50.9832  45  154  152  187  244  131  111  58  130  254  23  60  177  202  207  58  154  132  136  61  76  199  251  188  133  56  162  61  135  141  1  61  219  218  0  60  40  109  217  186  219  218  0  60  187  146  161  59  1  156  52  186  179  164  61  58  63  50  205  58  243  47  72  58
159.652  281.286  0.8  97.5827  154  255  138  187  147  157  135  56  81  54  140  59  83  59  16  59  120  116  127  187  85  212  139  188  12  100  208  60  7  1  162  60  87  165  129  61  191  95  27  188  190  112  130  61  191  95  27  60  19  45  43  185  155  72  12  186  193  147  94  57  253  153  13  58
478.366  183.347  0.8  273.544  79  12  169  186  107  246  250  186  50  18  118  59  254  152  18  59  233  212  13  188  48  37  84  58  143  43  91  60  151  241  202  59  83  26  107  61  130  56  59  186  250  91  107  61  169  213  94  59  138  123  125  183  134  28  248  54  89  121  80  57  210  201  44  57
261.107  393.554  0.8  18.2064  74  87  220  185  10  125  9  187  183  204  144  58  190  164  9  59  229  235  33  60  41  85  17  187  246  120  108  60  95  27  100  59  214  38  33  61  220  51  158  59  26  209  33  61  17  44  1  60  40  75  222  57  115  28  108  57  40  75  222  57  188  96  147  57
4
178.575  341.884  2.4  341.636  5  148  133  57  39  239  42  58  157  227  71  59  59  81  37  59  131  82  79  60  127  8  125  188  46  141  67  61  127  195  23  61  12  137  199  60  104  33  233  187  128  96  9  61  7  5  91  60  120  124  43  57  91  172  43  57  61  47  172  57  81  102  66  57
467.012  81.7314  1.6  235.108  143  2  156  56  147  81  160  57  218  240  14  57  142  107  206  57  188  146  94  188  70  247  109  188  75  87  114  60  142  234  160  60  13  172  15  60  37  121  65  187  175  121  174  60  84  142  158  60  185  85  179  186  238  190  17  57  5  50  26  59  121  209  156  57
350.894  263.251  2.4  12.6906  4  10  55  58  164  234  189  58  129  108  151  59  218  33  168  59  50  164  143  188  58  71  243  188  8  32  220  60  21  29  42  61  123  129  198  58  228  54  184  187  55  57  31  61  133  244  16  61  179  193  190  59  193  157  163  187  247  121  198  59  2  245  196  59
461.105  86.7435  2.4  228.555  0  0  0  0  0  0  0  0  0  0  0  0  0  0  0  0  2  70  24  185  221  95  183  58  107  142  166  58  69  211  255  58  173  82  85  187  54  162  135  188  7  132  40  60  54  162  135  60  154  45  247  186  245  201  123  186  74  140  60  59  61  32  195  58
5
2
164.463  332.685  1.6  111.452  41  246  196  187  95  61  193  58  33  162  206  59  231  64  54  59  92  180  59  188  9  225  233  58  35  32  55  61  192  43  177  60  226  64  131  61  10  117  18  188  225  1  154  61  213  79  48  60  148  153  221  186  237  243  91  58  145  223  228  58  237  243  91  58
329.457  252.005  1.6  127.736  204  148  36  187  239  99  202  57  35  42  150  59  77  182  2  59  77  121  199  58  59  135  48  188  96  192  9  61  155  25  150  60  115  237  177  60  200  161  183  58  232  161  11  61  75  225  93  60  174  27  44  59  95  253  23  187  50  187  27  60  195  151  99  59
8
333.856  179.952  0.8  13.744  222  109  227  186  6  215  18  187  143  217  5  59  99  168  186  59  26  55  32  187  15  23  38  60  13  200  204  60  104  12  207  60  169  188  244  59  17  217  169  59  51  155  255  60  219  252  180  60  28  97  25  59  25  87  189  59  111  133  102  59  247  246  219  59
168.228  338.213  1.6  101.063  175  216  126  187  241  93  39  58  121  153  135  59  163  165  146  58  159  69  34  61  192  127  118  188  119  55  163  61  238  117  152  60  188  198  139  60  41  234  214  187  83  134  193  60  109  50  39  60  217  66  93  186  245  172  72  57  212  48  0  59  124  118  252  57
468.443  78.8113  1.6  289.59  81  75  15  58  70  165  23  188  5  227  180  58  42  203  23  60  62  77  116  60  163  29  67  188  246  43  236  60  44  242  3  61  69  169  45  60  5  178  180  188  154  103  143  60  89  18  204  60  185  190  23  186  139  246  99  57  185  190  23  58  139  246  99  57
472.782  187.148  0.8  309.735  115  160  195  186  254  68  184  186  241  145  94  59  22  49  94  59  128  15  52  188  136  69  6  188  73  132  166  60  240  196  122  60  207  181  130  61  167  96  11  188  9  188  130  61  167  96  11  60  255  137  144  56  82  159  233  185  198  128  45  57  122  121  237  57
443.241  325.124  2.4  290.141  119  103  252  59  192  62  216  186  206  42  94  60  76  143  112  59  212  101  98  60  190  194  27  187  113  158  170  61  108  76  238  60  72  39  142  55  7  202  159  60  96  148  152  61  74  76  237  60  106  113  91  186  229  113  151  186  154  142  35  59  60  35  224  58
226.158  338.385  2.4  84.907  39  247  204  58  29  239  58  187  213  152  194  59  206  219  79  59  25  116  86  187  20  26  66  187  8  215  113  61  177  163  69  60  243  11  16  61  90  147  182  186  208  66  61  61  73  191  159  59  0  0  0  0  0  0  0  0  0  0  0  0  0  0  0  0
330.129  224.174  1.6  126.214  206  60  2  188  231  221  166  59  31  79  6  60  157  159  173  59  208  29  20  187  121  78  154  188  145  252  17  61  158  213  220  60  169  209  109  61  215  50  163  188  162  60  124  61  128  164  188  60  53  88  24  188  219  157  88  59  11  12  28  60  78  65  105  59
385.716  188.663  2.4  271.893  112  2  252  59  53  168  146  186  22  37  23  60  94  200  74  59  122  117  129  188  224  130  211  188  190  68  225  60  60  1  0  61  214  97  24  60  30  216  26  189  164  12  65  60  93  223  29  61  105  71  197  58  145  233  54  187  220  39  212  59  144  79  60  59
13
458.167  80.2323  1.6  269.173  136  159  7  57  226  163  105  186  90  48  69  58  36  67  93  59  142  13  71  187  179  59  29  188  15  58  222  60  230  178  45  61  36  221  54  60  211  238  148  188  116  152  150  60  153  144  161  60  161  163  42  57  154  220  46  186  228  33  203  57  154  220  46  58
168.254  325.385  0.8  96.2976  200  137  160  187  144  184  102  56  20  216  18  60  8  41  21  59  155  70  88  59  67  207  151  186  94  104  228  60  1  179  23  60  120  114  90  61  4  82  199  188  3  232  96  61  243  65  205  60  68  54  65  58  101  169  27  57  62  79  74  58  243  109  99  57
447.003  84.9861  2.4  273.272  232  213  239  57  162  220  133  187  34  225  89  58  255  176  166  59  100  104  5  187  147  211  67  189  244  223  233  59  233  200  101  61  136  199  20  59  5  253  142  188  158  108  125  59  121  83  159  60  202  150  172  186  13  106  135  56  202  150  172  58  13  106  135  56
209.644  331.073  2.4  82.027  53  86  153  187  13  167  1  187  152  220  237  59  38  199  47  59  42  0  12  61  179  162  139  188  47  76  79  61  155  103  187  60  254  194  149  187  135  184  167  59  154  48  47  60  73  49  215  59  197  28  30  57  197  28  30  185  197  28  30  57  197  28  30  57
159.231  280.745  0  102.365  127  78  9  58  149  91  129  183  12  72  147  58  131  32  149  58  106  92  125  188  116  235  190  58  184  226  67  61  168  227  135  60  204  128  133  61  171  59  10  188  99  209  133  61  30  253  11  60  227  179  87  57  69  88  14  186  134  46  168  57  209  48  18  58
328.256  223.411  0.8  109.963  90  142  5  187  86  47  226  58  230  194  220  59  171  0  56  59  234  79  113  60  64  222  17  187  233  61  62  61  32  4  151  60  28  84  69  61  246  170  48  188  3  146  74  61  95  194  130  60  154  109  138  187  229  16  59  59  60  12  146  59  23  236  62  59
170.117  336.372  1.6  90.6107  18  157  185  186  74  62  8  57  81  217  255  59  42  184  217  58  147  217  66  61  46  246  19  189  110  196  134  61  222  25  34  61  143  7  194  58  245  60  133  58  102  14  255  59  193  157  44  59  39  231  187  186  217  224  47  58  226  71  20  59  25  11  136  58
475.755  185.244  0.8  282.7  214  181  128  186  78  175  140  186  18  252  84  59  62  59  225  58  37  159  225  187  52  16  72  59  168  218  55  60  147  253  165  59  91  135  94  61  191  205  252  186  99  145  94  61  87  229  41  59  192  255  4  56  122  178  161  184  5  138  39  57  38  108  184  56
163.133  353.563  0.8  79.2936  159  125  141  187  15  32  139  57  202  155  152  59  216  194  96  58  51  61  145  61  51  119  32  188  139  18  191  61  32  230  164  60  75  103  100  60  77  181  201  187  222  122  106  60  90  46  208  59  127  164  131  186  251  35  105  186  121  133  2  59  69  20  129  58
434.212  326.026  2.4  269.212  188  243  34  60  75  195  85  187  14  75  128  60  67  106  100  59  253  5  15  57  119  231  187  187  99  24  172  61  207  212  152  60  152  201  250  60  12  14  133  60  74  208  68  61  68  187  176  60  4  143  174  186  81  118  106  56  179  209  8  59  34  149  51  58
357.077  260.081  2.4  263.75  172  74  232  187  4  47  71  187  205  123  232  59  143  120  71  59  60  215  4  59  194  199  59  188  89  176  222  60  5  213  100  60  144  233  166  188  150  131  32  60  237  218  2  61  10  236  244  60  215  199  161  59  21  136  201  58  192  184  226  59  60  113  19  59
335.421  183.214  0  302.401  46  27  185  187  224  16  131  58  122  114  185  59  247  98  139  58  96  111  14  188  124  152  130  188  121  253  240  60  74  46  202  60  181  105  76  60  155  48  55  60  10  154  30  61  20  42  144  60  221  0  147  186  203  193  248  185  61  176  128  59  61  126  196  58
341.247  254.1  1.6  90.3301  108  225  137  187  41  31  229  58  152  134  145  59  9  147  10  59  79  110  152  187  228  49  141  187  191  96  24  61  81  209  140  60  14  157  243  59  173  195  176  186  53  114  108  61  153  205  61  60  156  9  11  59  92  250  254  186  238  5  255  59  142  42  104  59
12
190.692  351.561  2.4  13.371  78  216  133  59  210  76  210  55  74  106  161  59  226  133  150  59  144  251  20  188  172  184  179  58  8  209  13  61  203  48  61  60  39  236  27  61  71  94  129  184  11  31  48  61  96  208  0  60  15  141  8  184  249  91  157  57  176  44  255  56  34  58  189  57
259.775  395.49  0  358.543  172  149  214  58  49  205  252  185  44  79  217  58  49  186  15  58  62  84  126  60  2  134  194  186  60  200  156  60  151  160  141  59  121  127  199  60  19  130  221  58  247  7  1  61  133  213  118  59  30  37  131  57  77  137  36  183  147  51  132  57  219  172  63  57
192.959  371.694  0  6.62588  223  98  108  186  73  70  31  57  20  225  82  59  80  245  3  59  228  180  172  58  33  25  19  59  129  97  189  59  98  173  242  59  198  66  148  61  109  78  177  187  198  66  148  61  56  62  185  59  162  183  221  56  33  99  164  55  117  223  136  57  78  64  148  57
167.26  354.666  0.8  69.7166  155  72  146  59  207  253  38  188  164  139  146  59  240  146  43  60  90  237  179  59  164  11  80  187  147  102  180  59  44  110  120  59  123  209  76  58  215  71  57  187  83  167  116  59  227  147  83  59  158  123  162  186  115  84  241  57  106  18  114  59  206  163  134  58
170.585  326.191  1.6  84.1791  95  73  32  187  100  122  94  187  38  170  125  59  165  93  194  59  22  100  158  60  164  178  130  189  175  95  202  60  121  102  138  61  48  140  9  61  4  137  255  188  181  123  12  61  53  72  0  61  103  240  157  56  73  111  137  55  50  119  15  57  243  113  194  56
159.623  281.802  0  86.9256  28  29  19  187  185  156  131  58  73  160  23  59  27  160  170  58  28  190  52  188  218  20  114  188  159  249  6  61  165  99  144  60  239  130  125  61  14  221  93  188  85  29  129  61  107  107  94  60  182  142  144  57  26  16  89  57  61  35  207  57  199  93  204  57
443.847  447.757  1.6  352.269  228  148  150  57  122  82  140  57  145  241  247  57  171  183  2  60  187  17  173  59  183  31  75  188  87  142  206  59  157  78  165  60  181  55  150  60  48  68  44  188  181  55  150  60  48  68  44  60  32  10  95  183  60  40  8  56  32  10  95  55  60  40  8  56
163.454  325.4  0.8  83.255  79  216  45  59  90  254  240  185  131  187  134  59  99  148  180  58  195  178  108  187  159  199  179  58  90  254  77  60  210  59  145  60  45  237  129  61  186  110  80  187  253  44  130  61  60  200  191  59  106  74  111  57  93  47  49  183  151  55  9  58  97  123  30  57
462.621  85.1928  1.6  263.488  237  115  245  57  181  52  125  58  36  128  251  57  105  29  128  58  198  50  148  188  177  145  157  188  18  88  156  60  29  149  220  60  136  139  1  60  163  132  52  59  171  39  198  60  9  11  40  60  92  23  221  58  31  123  21  58  29  12  80  59  31  123  21  58
201.653  312.449  1.6  79.0447  37  24  97  59  125  147  159  58  243  144  216  59  44  100  29  59  44  143  131  188  100  143  199  60  108  153  40  61  54  188  27  61  186  210  33  61  230  42  26  188  153  82  90  61  17  90  155  60  162  196  116  57  18  183  13  57  224  88  185  57  249  95  40  57
456.091  178.335  1.6  273.586  35  126  215  187  119  203  230  186  94  224  223  59  168  245  4  59  243  24  251  59  249  130  146  59  13  25  47  61  210  172  185  60  122  105  26  61  31  28  225  187  77  183  109  61  234  100  28  60  65  164  224  185  195  195  41  57  101  222  157  58  119  247  155  57
355.594  257.832  2.4  83.8873  106  243  190  58  127  249  170  57  6  206  180  59  177  202  212  57  161  110  93  59  182  3  149  188  209  85  12  61  74  16  206  60  12  127  206  188  195  42  146  60  35  207  105  61  176  225  241  60  47  243  112  59  86  137  161  58  62  168  1  60  233  216  141  59
9
183.675  341.181  2.4  319.243  73  39  228  185  63  231  63  58  80  1  80  59  104  5  75  59  235  145  45  60  33  174  228  188  197  222  70  61  125  106  243  60  12  94  162  60  235  252  27  185  24  187  221  60  67  68  248  59  168  150  78  183  91  121  101  55  168  150  78  55  91  121  101  55
173.601  341.035  1.6  311.741  215  107  139  187  5  172  4  59  198  60  140  59  222  159  155  59  108  127  191  59  55  47  78  60  49  138  198  60  205  29  168  60  40  75  52  61  219  146  187  187  176  17  58  61  33  34  10  60  166  243  18  187  4  85  43  56  228  12  64  59  230  251  7  58
5.89573  459.308  0  153.16  64  129  51  58  39  216  240  57  64  129  51  58  39  216  240  57  104  44  166  59  188  42  37  59  104  44  166  59  188  42  37  59  0  0  0  0  0  0  0  0  0  0  0  0  0  0  0  0  0  0  0  0  0  0  0  0  0  0  0  0  0  0  0  0
161.429  352.658  0.8  39.7929  56  54  240  56  182  67  125  185  248  201  56  57  22  137  125  57  148  155  239  58  49  180  66  186  84  115  240  58  75  228  248  58  181  61  190  57  227  6  78  187  230  176  13  59  132  222  101  59  35  73  33  186  213  139  77  186  35  73  33  58  148  236  87  58
259.783  218.749  0  277.588  121  58  18  58  5  228  12  185  198  6  81  58  115  80  44  58  215  242  213  187  88  254  193  185  120  114  64  60  129  49  147  59  106  16  205  188  124  20  202  59  117  230  129  61  100  82  194  60  233  11  164  59  94  45  222  186  81  172  183  59  240  157  235  58
468.261  80.8325  1.6  235.349  0  0  0  0  0  0  0  0  0  0  0  0  0  0  0  0  172  57  133  188  45  216  58  188  172  191  144  60  102  1  91  60  205  36  73  60  133  121  53  59  20  91  205  60  9  58  131  60  18  188  95  186  219  246  64  57  135  31  165  58  192  239  170  57
196.7  371.69  0  298.052  117  173  24  187  79  160  246  58  117  173  24  59  21  156  20  59  130  167  14  187  80  243  177  60  105  192  184  59  93  239  198  60  110  31  78  61  170  234  129  60  252  158  84  61  56  52  159  60  244  185  139  57  102  108  233  56  166  153  146  57  90  61  241  56
220.059  364.206  1.6  303.932  135  49  175  186  95  93  24  185  31  220  4  59  16  91  126  58  214  194  168  59  112  8  108  58  137  42  22  61  235  32  157  60  50  114  51  61  232  177  32  188  168  91  66  61  154  10  98  60  145  146  139  57  67  170  225  57  192  229  29  58  67  170  225  57
160.518  287.783  0.8  64.4019  25  38  217  185  60  216  53  58  183  95  105  59  33  224  5  59  207  242  238  186  232  177  165  60  19  228  190  60  216  218  216  60  106  69  159  61  183  170  214  187  179  109  164  61  249  136  232  59  251  13  117  57  246  147  151  56  196  245  50  58  242  130  235  57
