502
602.529  133.84  466.696  124.961
610.103  199.937  473.675  193.458
573.671  283.324  437.654  275.962
571.538  369.858  434.074  361.376
495.935  449.708  376.265  421.844
75.3338  223.215  172.129  206.135
183.312  262.958  214.507  234.433
556.627  168.286  427.554  161.859
578.502  188.242  446.151  181.344
556.345  167.733  427.032  161.38
416.258  324.564  325.337  294.815
493.626  352.942  377.336  333.936
513.237  268.991  391.109  256.819
234.856  337.35  235.085  288.75
449.361  187.897  349.953  181.718
573.494  374.041  433.434  363.621
591.118  148.501  456.902  140.587
487.022  252.127  373.779  240.103
493.889  253.676  378.676  241.987
550.235  440.756  416.511  427.174
454.721  152.71  352.047  151.51
210.274  267.279  223.336  241.179
607.849  122.013  471.567  112.272
556.229  166.949  426.8  160.675
589.416  126.889  454.898  118.913
573.784  282.508  438.483  275.476
513.579  268.755  391.383  256.708
620.238  166.065  482.997  157.645
574.47  156.61  441.56  149.877
509.054  136.193  391.501  133.16
589.973  126.45  455.275  118.566
481.52  253.864  369.777  241.313
555.861  168.957  426.788  162.503
577.162  159.912  444.395  152.837
621.177  125.569  483.532  114.884
573.295  181.761  441.445  174.808
409.561  223.507  323.725  211.614
620.871  112.815  483.852  101.297
497.545  257.25  381.346  245.63
445.091  281.6  339.278  257.764
588.403  125.905  453.723  118.239
497.627  256.987  382.115  245.746
555.072  167.489  425.925  161.102
550.695  254.706  419.97  246.166
101.472  244.332  181.079  220.824
574.714  159.613  441.76  152.717
392.039  205.615  315.395  196.887
500.647  243.069  383.643  232.637
519.741  263.863  395.268  252.088
495.618  152.644  380.038  149.709
591.118  148.501  456.171  140.678
595.582  139.148  460.23  130.854
294.196  314.118  262.082  277.084
122.324  246.126  187.368  223.259
618.6  291.918  476.037  289.641
573.759  156.631  441.56  149.877
290.085  234.243  261.099  218.741
531.794  302.381  403.953  289.909
529.299  269.87  402.906  259.047
512.99  160.389  394.341  155.7
620.81  133.824  483.017  123.547
530.969  188.992  406.799  182.221
607.849  122.013  471.443  112.201
472.382  218.425  364.508  208.898
242.877  444.25  236.073  371.072
579.723  189.477  447.408  182.743
584.674  131.153  451.006  123.71
543.693  456.554  411.034  440.797
294.196  314.118  262.131  277.168
608.165  121.723  471.567  112.272
519.314  184.302  397.39  177.878
96.937  305.523  178.788  261.238
554.083  286.177  421.023  276.158
563.167  465.597  426.487  455.033
565.123  191.812  433.857  184.824
576.976  162.59  444.233  155.776
465.463  167.337  362.925  162.967
547.206  280.048  416.461  270.39
496.91  256.912  381.346  245.63
522.41  100.976  400.291  100.45
543.693  456.554  411.142  441.061
578.452  187.42  446.366  180.306
471.372  261.029  367.499  250.185
265.543  395.164  247.146  336.239
589.864  127.612  455.326  119.855
543.182  456.823  411.142  441.061
404.544  241.81  320.375  226.663
589.93  157.222  455.34  149.447
589.996  128.018  455.326  119.855
291.675  249.643  261.857  229.44
156.693  334.972  201.799  283.785
596.233  124.486  461.652  115.902
314.264  354.895  270.771  309.208
606.052  308.088  463.368  304.265
488.501  252.335  373.779  240.103
574.369  161.482  442.009  154.807
255.365  251.84  245.625  228.362
589.416  126.889  455.534  118.486
315.674  233.029  273.43  217.382
151.179  232.446  200.201  213.926
558.45  198.979  429.177  191.869
575.67  157.424  443.363  150.179
529.427  273.944  403.487  263.328
618.277  297.189  475.613  294.687
556.075  167.438  426.951  160.823
543.182  456.823  411.034  440.797
590.533  307.57  450.446  301.991
125.372  243.367  189.027  220.818
216.807  23.8318  231.713  66.7287
550.018  440.541  417.154  427.652
195.548  378.536  217.028  318.171
595.224  140.441  460.03  131.993
146.279  404.584  196.648  332.105
598.794  120.745  464.419  111.146
611.66  383.179  465.662  381.411
202.052  408.687  219.261  340.628
548.448  223.656  420.522  215.905
590.321  147.928  455.481  139.957
407.93  300.035  321.321  275.003
420.753  179.781  333.972  174.908
201.362  381.35  218.896  322.357
579.828  303.687  441.313  296.656
495.332  253.584  380.272  241.905
599.956  124.515  464.842  115.75
611.131  442.603  466.867  445.88
195.597  355.746  218.182  300.167
487.42  251.764  373.09  239.642
454.634  441.654  349.132  405.122
620.668  111.204  483.754  100.007
321.537  423.257  273.282  363.445
596.4  139.208  460.23  130.854
604.335  198.46  468.845  192.194
579.878  303.894  441.361  296.909
573.974  282.912  437.74  275.133
586.431  309.165  448.625  304.222
530.08  463.131  401.11  443.323
550.85  255.208  419.97  246.166
514.491  268.713  391.383  256.708
302.491  245.531  266.594  226.189
527.725  275.298  401.875  264.419
486.968  455.771  369.847  425.781
574.998  160.467  442.808  153.844
513.358  269.586  390.664  257.506
145.382  309.342  196.809  266.397
603.364  114.397  468.077  105.04
573.974  282.912  438.483  275.476
347.577  234.391  289.616  219.337
549.796  284.714  418.018  275.12
566.233  384.402  427.704  373.171
590.274  149.007  455.403  140.988
573.784  282.508  437.809  274.784
404.765  241.175  320.214  226.127
548.042  257.41  418.383  248.339
618.437  309.62  474.629  307.88
620.631  143.773  482.876  133.777
603.79  116.369  467.861  107.291
553.344  286.851  420.257  276.409
295.889  435.339  260.543  371.783
518.851  266.115  395.827  254.446
311.649  352.336  269.398  307.555
294.139  241.045  262.591  222.657
556.874  463.813  421.421  450.89
78.5309  235.733  172.571  214.178
543.693  456.554  411.017  441.248
582.193  306.36  443.048  299.635
578.486  185.949  446.468  178.604
605.664  307.944  462.943  304.235
414.499  204.002  329.422  196.146
574.777  283.237  438.483  275.476
455.167  149.617  354.405  148.347
530.826  188.844  406.545  181.806
425.861  186.861  336.128  181.303
104.103  205.851  182.65  195.312
552.969  174.556  423.452  167.796
153.066  235.266  201.366  215
523.701  441.235  395.955  420.997
625.448  225.105  484.634  220.574
588.834  126.31  455.275  118.566
532.125  149.054  407.605  144.886
439.272  333.182  340.052  305.564
590.858  307.736  450.573  302.348
620.562  143.93  482.839  133.858
51.082  307.981  161.849  260.711
620.684  82.8847  484.589  70.1067
579.861  101.999  447.542  95.0074
548.522  257.042  418.882  247.959
620.459  145.74  482.752  135.759
595.668  110.744  462.216  101.75
620.7  102.315  484.152  90.6948
530.253  458.049  401.532  438.607
569.674  386.676  431.582  377.609
580.123  169.534  446.582  162.997
580.136  304.512  441.629  297.789
594.881  108.235  461.4  99.3464
136.351  312.47  194.836  266.06
465.463  167.337  363.702  163.083
514.203  290.914  391.201  277.758
599.412  122.537  464.509  112.872
589.313  101.048  456.394  92.7087
618.511  314.331  474.18  312.694
618.283  192.708  481.349  185.354
544.21  456.902  411.017  441.248
564.799  252.174  432.202  244.302
567.25  111.923  438.161  105.577
617.742  324.53  472.679  322.794
564.481  92.1463  436.143  86.1961
425.11  222.863  334.033  212.315
502.142  269.869  383.68  256.522
590.32  101.261  457.051  92.9538
556.619  167.393  426.977  160.542
415.875  216.042  330.293  205.699
545.236  174.988  418.396  169.218
590.825  157.64  455.89  149.55
513.45  131.621  394.108  129.578
622.971  194.976  486.313  187.735
559.31  389.911  421.776  375.279
538.48  280.422  405.759  268.107
530.08  463.131  399.951  443.012
564.312  461.024  426.35  450.383
618.422  166.22  481.353  157.259
593.196  105.517  459.83  96.8716
485.294  441.334  368.588  411.957
148.821  403.886  197.26  330.733
473.688  160.364  365.633  157.688
529.591  270.545  404.064  259.382
591.924  284.522  453.365  278.575
509.956  309.472  386.83  293.841
514.289  290.163  391.305  277.219
341.262  386.671  283.561  338.487
326.961  421.347  275.792  363.956
619.47  192.677  482.837  185.209
563.165  379.871  425.792  369.018
511.887  289.76  389.278  276.416
246.542  231.267  240.43  214.088
550.854  441.165  417.771  427.76
591.875  283.738  453.325  277.742
609.751  185.978  473.896  178.152
579.861  101.999  447.086  95.4256
437.385  168.599  342.366  165.799
471.058  441.821  358.869  409.009
340.118  384.753  283.06  337.559
326.684  379.808  277.505  331.425
620.687  83.9294  484.582  71.4125
473.634  221.206  364.356  210.7
476.066  219.556  366.317  210.665
549.784  257.693  419.989  248.531
611.649  77.8384  476.465  66.233
469.249  252.242  360.597  239.339
359.245  375.993  293.35  333.779
417.749  218.761  329.107  207.244
437.464  141.099  343.041  142.052
603.125  198.059  467.995  190.795
438.809  243.899  340.814  228.851
90.1172  209.454  178.086  197.806
533.544  302.474  404.693  290.435
514.212  294.604  391.048  281.358
424.868  184.192  334.64  179.366
609.768  442.318  464.673  444.541
259.251  395.934  245.493  333.798
602.624  198.549  467.16  191.263
494.388  112.27  380.418  113.558
352.514  244.956  292.551  226.761
516.213  138.487  397.125  134.033
616.929  292.123  474.339  288.647
216.112  296.396  226.415  259.689
589.813  157.737  455.34  149.447
534.216  85.6048  410.865  84.387
559.81  110.853  430.967  105.969
453.654  214.874  351.194  204.554
550.018  440.541  417.771  427.76
602.964  197.915  467.605  190.578
602.535  197.846  467.162  190.497
504.335  265.732  383.546  253.325
251.125  262.301  241.68  237.654
465.483  167.059  363.702  163.083
465.857  291.036  355.3  271.384
509.374  111.927  390.226  110.87
302.491  245.531  266.234  227.177
488.762  262.199  373.967  249.752
353.31  261.111  289.469  236.359
563.442  380.406  425.434  369.175
565.981  258.051  432.449  251.327
237.498  239.931  235.265  221.171
552.708  288.195  420.139  277.395
569.348  372.586  432.497  365.07
465.331  120.295  360.401  121.166
76.4298  223.242  171.674  207.146
512.848  131.323  394.322  129.33
589.95  99.5512  457.534  91.1652
300.386  335.556  263.794  294.113
618.502  323.741  473.369  322.448
609.878  449.271  466.794  452.146
516.124  92.216  396.399  93.2713
428.593  188.953  336.708  181.932
354.761  254.364  293.446  233.785
301.243  341.786  265.734  298.799
570.774  376.004  431.05  366.073
534.859  92.9574  411.093  91.5524
512.245  131.465  394.322  129.33
563.463  461.184  427.56  450.743
534.859  92.9574  410.838  91.728
475.602  172.659  367.749  168.682
431.906  319.934  334.803  294.35
568.388  390.528  429.949  381.119
556.619  167.393  427.554  161.859
464.32  166.243  360.559  163.13
473.08  275.928  362.354  260.637
216.343  256.344  226.181  231.891
619.347  192.094  482.709  184.324
103.596  46.6143  186.266  91.3592
271.085  417.454  248.579  354.733
215.149  256.813  227.304  232.961
569.881  104.586  439.326  99.0095
405.427  237.858  321.705  224.728
532.584  86.8531  410.08  85.6386
566.554  390.744  428.473  381.005
354.761  254.364  292.704  232.376
609.396  201.055  473.52  193.745
389.974  225.234  314.634  212.574
510.512  331.037  386.175  313.524
321.474  427.646  272.696  369.174
548.844  287.038  416.867  277.706
426.393  179.463  336.041  173.606
484.53  327.986  368.916  308.198
136.319  274.115  193.041  243.842
185.405  48.4441  217.43  87.1182
571.413  102.055  441.153  96.1061
323.945  362.91  274.716  316.744
559.911  380.336  422.783  368.831
512.848  131.323  394.108  129.578
178.198  359.795  209.235  302.576
559.287  110.766  430.967  105.969
616.927  343.126  471.338  342.261
548.991  440.761  416.809  427.034
618.283  192.708  481.565  184.885
310.501  424.406  267.231  364.788
551.145  378.444  415.709  365.054
450.555  189.826  348.628  182.549
610.632  443.264  465.912  446.886
174.804  405.25  207.315  333.723
570.603  105.942  441.682  99.4966
557.528  274.345  426.241  265.211
250.172  228.348  244.318  211.993
618.489  249.163  479.169  244.41
507.725  146.475  390.062  144.069
300.791  258.419  264.859  234.636
235.032  296.137  234.205  260.512
568.083  39.733  438.926  35.1848
333.996  430.737  278.903  374.244
531.516  94.8878  409.428  93.4103
462.686  207.372  357.274  197.796
618.534  249.261  479.232  244.481
618.2  248.954  478.82  244.103
601.532  138.034  465.795  128.225
471.838  444.05  358.396  410.118
390.919  264.943  311.478  245.449
188.991  359.687  214.273  301.497
617.31  343.863  471.542  343.218
256.252  393.576  242.163  333.144
566.32  270.787  434.273  262.721
602.621  115.329  467.212  106.988
45.8494  284.704  160.085  244.718
568.543  271.752  436.339  263.964
372.38  260.654  302.335  238.504
523.453  76.4431  403.394  77.1209
560.096  380.124  422.783  368.831
568.388  390.528  430.006  381.65
515.036  357.068  389.259  338.92
505.146  130.661  387.739  130.083
617.338  250.385  478.058  245.473
593.912  196.08  458.688  188.175
573.975  359.749  435.085  352.298
615.486  363.361  469.688  363.244
557.778  268.883  428.004  262.922
230.57  334.403  231.429  288.354
622.544  222.174  484.888  216.122
485.753  109.843  376.581  111.195
612.517  346.538  467.288  345.273
528.753  273.811  403.568  261.824
166.199  358.082  206.946  295.087
568.083  39.733  439.664  34.7491
501.34  354.43  379.442  334.244
561.129  352.004  424.43  342.055
350.381  397.574  290.081  349.043
432.576  340.111  334.308  311.331
544.876  291.187  413.203  281.358
561.769  105.06  432.968  100.513
509.684  98.2014  393.192  98.8501
175.852  405.371  207.353  334.121
454.561  336.763  347.775  310.974
188.991  359.687  214.042  301.615
536.237  86.2187  413.051  84.9881
122.377  297.48  187.985  255.912
265.553  391.449  246.14  333.172
561.029  279.055  428.348  269.516
437.464  141.099  344.52  141.919
294.468  420.847  259.214  357.719
351.243  246.44  294.306  230.552
560.924  110.855  432.095  106.429
514.865  290.137  391.201  277.758
182.781  308.891  214.678  266.912
567.412  369.388  429.172  360.411
212.908  275.39  224.23  245.065
510.685  97.5905  393.192  98.8501
595.562  123.445  461.652  115.902
536.11  350.799  404.41  336.24
587.533  100.966  455.781  93.3276
596.282  198.576  461.246  190.561
461.209  267.197  354.475  252.56
563.499  377.751  425.742  367.799
500.445  113.081  385.749  113.97
536.277  361.127  404.25  345.996
155.063  334.401  202.763  283.836
590.812  99.5429  457.433  92.2008
216.022  347.049  224.667  296.469
229.51  287.033  231.671  253.282
162.445  361.491  203.071  301.082
297.393  418.936  260.476  357.802
101.472  244.332  182.328  221.802
527.37  345.913  397.829  330.237
565.251  253.294  432.202  244.302
133.492  306.591  192.071  262.401
380.533  268.885  306.585  244.864
616.005  354.227  470.33  354.304
233.081  388.692  231.548  327.352
513.616  97.2495  394.767  98.8505
452.276  170.672  351.562  168.263
239.472  403.574  234.291  337.899
420.792  202.111  332.605  195.612
554.183  181.792  427.051  176.597
69.2672  210.39  169.276  199.284
576.606  176.338  446.113  167.625
466.288  342.408  355.983  319.002
523.47  126.34  401.943  124.939
90.7222  208.064  178.086  197.806
516.166  91.1701  396.399  93.2713
157.054  332.683  203.362  277.687
308.718  243.554  271.679  225.664
437.837  226.466  342.037  213.593
568.704  40.0144  440.272  35.3355
563.499  377.751  425.475  367.846
600.774  140.892  464.792  134.119
198.776  310.536  217.76  268.955
173.395  303.105  207.79  261.799
460.938  206.728  354.183  199.722
66.0857  467.652  163.489  366.637
441.131  300.975  340.007  279.483
76.144  221.944  171.674  207.146
438.325  246.902  340.705  230.331
563.499  377.751  425.487  367.949
563.922  377.597  425.742  367.799
527.159  344.915  397.53  329.448
527.37  345.913  397.678  330.427
189.814  389.219  213.327  322.747
199.037  293.78  217.925  257.208
540.59  24.0354  417.72  25.1797
51.9077  433.809  159.708  341.619
512.402  97.4887  395.404  98.4006
430.958  175.943  338.505  173.324
549.313  24.0493  424.611  23.6072
612.517  346.538  467.249  345.96
391.831  237.126  315.032  221.226
526.456  345.184  397.678  330.427
338.893  241.706  286.73  223.604
348.727  430.746  285.48  373.752
466.863  343.381  355.301  318.904
572.684  385.991  432.796  378.177
448.342  132.748  350.59  135.33
526.4  345.06  397.678  330.427
618.574  249.984  479.169  244.41
109.589  396.153  180.849  321.918
307.151  468.415  263.997  397.868
235.631  293.631  234.287  257.01
430.958  175.943  337.726  173.682
565.229  376.626  426.885  367.559
336.858  242.415  282.738  226.721
505.135  358.835  381.247  339.172
480.275  350.873  362.834  326.172
616.005  354.227  469.052  354.028
625.817  254.949  486.198  250.063
475.112  355.336  361.476  332.619
89.1697  207.057  178.283  193.245
620.26  134.411  482.471  122.037
130.086  465.843  187.534  370.635
380.389  245.802  306.633  231.763
188.117  30.0038  217.324  74.1683
24.3311  166.175  155.371  171.496
464.284  94.2449  352.63  103.066
471.184  189.958  367.113  185.772
185.904  403.984  210.303  333.936
97.94  196.951  179.522  191.333
551.351  376.015  416.488  365.669
445.15  345.01  341.234  318.333
350.387  395.778  291.479  348.267
157.726  331.381  200.775  279.489
307.151  468.415  263.403  397.38
376.851  246.814  306.582  227.626
431.985  235.292  338.381  220.013
317.78  469.732  268.576  400.279
422.342  201.676  334  191.178
446.423  285.7  343.143  267.787
202.052  408.687  219.261  340.628
