1 800 600 0.8
96  64  
1
1
96
430.082  189.079  1.6227  0.968872  83  0  0  77  141  0  0  124  101  1  0  57  66  4  0  11  26  4  4  33  154  1  0  140  154  8  0  72  95  13  1  0  3  12  14  1  154  16  0  13  154  50  0  9  79  12  1  0  2  20  32  0  154  31  0  0  154  50  0  0  27  16  9  0
424.268  191.766  1.64328  1.15244  20  3  1  32  138  0  0  99  180  1  0  40  42  2  3  3  3  13  13  1  180  5  0  6  180  11  0  4  51  14  6  0  2  40  56  0  164  17  1  2  180  5  0  10  51  9  12  0  0  65  94  0  96  22  12  2  180  1  0  15  53  8  4  1
619.566  192.682  1.63368  0.0800149  33  0  11  41  171  0  0  55  174  0  0  27  26  1  0  1  17  13  7  14  174  11  0  50  174  5  0  41  51  5  0  2  21  90  0  0  152  106  0  3  174  31  0  12  62  4  0  1  27  74  9  3  63  49  15  15  174  26  0  19  56  5  0  1
92.392  194.183  1.72035  0.981558  16  16  15  72  42  6  5  32  141  102  2  4  24  153  59  0  27  107  17  3  89  34  76  18  154  31  5  14  43  41  134  3  54  34  41  4  77  45  130  8  154  19  4  13  58  61  64  5  48  3  48  37  44  18  65  53  154  13  1  43  95  36  3  31
85.4386  200.03  1.66449  0.837264  46  27  32  3  41  33  128  5  153  42  7  1  70  18  66  6  45  6  64  66  74  16  81  71  153  29  2  22  95  81  24  9  23  62  69  31  74  153  14  19  153  58  0  22  137  16  1  48  43  23  21  36  55  36  22  38  153  21  0  25  87  14  0  29
619.42  201.043  1.64151  0.291858  34  31  0  6  160  29  0  36  160  1  0  38  9  3  0  1  56  113  4  0  160  54  11  38  160  7  0  72  43  4  0  4  36  41  35  7  141  79  24  10  160  69  0  7  57  3  0  2  24  19  27  5  160  59  2  0  160  22  0  8  42  0  0  6
469.46  207.313  1.64424  -0.41818  20  1  28  67  119  0  9  81  178  3  0  49  50  9  6  6  44  24  11  43  116  16  11  79  178  6  0  48  61  0  2  24  51  41  13  23  114  100  31  17  178  31  0  20  54  0  0  21  29  4  13  81  97  12  8  108  178  2  1  64  56  0  2  18
80.0619  212.413  1.5885  0.326279  84  6  9  57  107  53  6  6  140  86  0  1  75  18  4  13  142  12  1  41  142  50  0  10  142  30  0  24  21  9  3  21  142  50  2  3  142  142  1  1  98  75  2  11  8  2  7  22  142  68  3  0  142  72  3  0  4  64  17  0  0  9  34  9
70.6044  214.95  1.6534  0.520251  1  1  64  42  120  0  17  59  156  22  0  23  82  29  0  16  0  44  93  3  140  52  28  15  156  41  0  10  64  91  0  0  3  95  98  0  78  109  21  1  156  34  0  11  101  25  3  7  0  64  74  0  37  82  37  0  156  19  0  19  110  1  1  28
108.432  215.644  1.67316  2.76244  3  2  25  16  24  22  19  59  26  69  46  57  57  97  16  7  13  6  14  14  110  132  17  24  85  132  25  12  45  109  38  17  25  4  60  68  132  26  15  83  77  41  113  80  63  12  44  57  48  7  85  47  132  15  22  132  83  7  41  132  109  45  10  16
479.89  218.127  1.61812  -0.908825  44  25  51  27  151  17  2  39  151  48  0  1  26  5  0  6  20  66  120  3  151  55  21  14  151  38  2  23  8  0  4  33  4  59  99  0  151  36  51  52  151  2  1  78  21  1  1  21  0  52  67  0  136  41  88  16  151  10  1  21  18  0  1  20
619.004  219.135  1.63171  -0.114126  56  130  18  0  160  73  0  12  160  32  0  5  45  9  0  0  14  76  13  1  160  46  1  51  160  12  0  42  57  8  0  0  12  79  6  0  115  122  1  2  160  66  0  4  46  5  0  0  21  6  1  16  137  19  0  10  160  27  0  0  18  3  0  0
476.489  220.358  1.62081  -0.856939  3  44  47  15  99  10  23  61  152  27  2  24  131  24  0  1  0  74  71  0  96  67  107  17  152  44  2  16  93  16  2  18  0  50  53  0  48  85  125  2  152  23  18  72  74  1  2  54  1  37  29  0  3  65  95  1  152  26  53  36  126  2  0  21
282.452  225.019  1.65869  -1.52249  6  0  86  108  142  14  20  86  102  18  32  19  61  4  30  4  25  1  77  118  142  15  7  38  103  15  58  54  101  18  26  16  56  16  90  42  142  16  10  33  117  26  41  55  110  62  4  4  65  40  31  15  142  37  6  11  142  41  10  11  59  17  3  1
394.384  186.688  2.15213  -2.85823  52  11  99  10  170  13  24  3  170  9  0  5  28  8  2  3  47  8  85  11  170  15  12  2  170  6  0  3  30  3  18  6  20  11  55  8  170  25  5  1  170  7  0  9  33  2  24  12  28  18  11  10  133  71  0  0  170  25  0  4  26  3  5  11
578.5  186.334  2.15534  0.778337  50  11  101  14  102  61  7  4  5  59  58  1  20  32  15  2  55  11  134  30  134  32  6  52  58  134  86  3  48  134  24  14  37  27  134  10  134  48  5  17  112  49  65  75  19  36  42  75  63  87  47  6  134  116  33  11  31  25  46  47  39  45  8  8
76.4809  187.457  2.16824  -2.06103  47  108  39  10  77  29  69  39  110  2  2  64  15  5  13  24  71  36  63  95  78  28  134  39  134  19  17  37  34  31  27  10  134  70  60  27  63  57  134  11  134  18  20  31  34  5  22  32  96  6  66  85  31  9  126  106  134  12  18  20  32  6  12  18
491.24  187.463  2.16003  1.46793  109  0  0  143  110  0  0  127  26  3  6  72  3  12  11  25  143  1  0  99  143  3  0  102  122  20  0  18  17  24  0  1  139  50  0  9  143  44  0  10  143  18  0  1  18  16  0  1  106  48  0  5  143  54  0  0  98  30  0  0  17  35  1  0
415.199  187.985  2.17503  -2.63013  4  0  122  72  50  0  136  101  136  0  10  25  14  4  30  2  0  0  136  136  97  0  84  73  136  1  2  9  21  3  26  2  1  0  136  98  136  6  9  19  136  12  0  3  20  3  8  9  2  14  83  7  136  9  1  1  136  12  1  0  12  4  5  3
586.04  187.798  1.9613  2.52594  57  68  1  2  139  28  1  31  63  29  46  22  41  4  18  58  45  22  0  11  133  17  3  108  139  37  40  90  23  85  86  22  34  20  0  6  110  95  2  8  139  79  6  59  35  67  67  120  27  22  5  16  95  21  3  74  42  8  61  139  10  1  38  139
609.588  186.727  2.21266  -2.69165  8  5  86  66  44  4  92  65  141  27  3  15  41  3  1  31  0  62  141  39  86  26  33  34  141  8  0  13  26  6  0  8  0  141  141  0  48  136  78  0  141  40  1  1  27  13  8  5  0  97  141  0  19  85  141  0  74  23  2  5  12  1  10  12
577.336  188.687  2.31098  0.840542  70  14  82  12  99  67  16  10  12  84  66  1  40  91  11  1  61  16  132  34  132  34  9  52  64  132  71  24  35  105  24  47  48  44  132  7  132  72  13  22  65  21  82  94  52  39  22  37  95  103  26  8  95  103  70  13  42  46  36  13  37  37  5  2
82.3086  190.983  2.08359  0.939477  3  4  89  17  40  73  46  29  29  98  41  13  135  29  16  7  6  10  135  9  135  25  35  15  52  54  128  24  135  28  41  13  10  9  135  24  135  22  49  26  42  43  104  75  135  45  14  33  7  29  86  1  88  20  34  17  42  64  24  36  130  41  1  24
392.871  192.229  2.14665  -2.86467  27  14  88  45  166  8  20  35  166  2  0  22  26  1  4  16  58  11  114  13  166  16  26  3  166  12  0  4  32  9  3  3  39  8  76  10  166  14  10  2  166  6  0  2  26  3  18  5  12  8  37  6  149  20  3  0  166  6  0  6  22  1  17  9
565.473  192.022  2.07193  1.63606  87  6  7  131  136  2  37  116  39  12  71  12  57  20  0  4  45  91  58  16  136  31  11  40  90  67  83  5  99  12  9  17  10  46  65  42  136  29  15  18  120  35  129  11  83  19  51  30  30  11  12  70  136  26  2  22  126  33  59  10  60  46  49  1
24.1609  192.333  2.14158  3.02844  15  0  0  78  93  0  0  71  180  11  0  9  28  8  0  0  8  0  5  59  180  2  0  64  180  14  0  10  30  8  0  0  13  0  1  26  180  8  0  15  180  28  0  0  21  8  0  0  6  5  4  18  180  11  1  22  180  16  0  0  12  2  1  2
75.4429  193.63  1.84671  1.02029  1  13  117  10  117  4  49  30  87  9  85  54  104  13  73  45  2  13  117  19  117  34  66  14  76  51  107  46  102  117  27  21  0  52  113  1  100  41  73  23  76  30  31  62  66  42  10  106  0  18  57  3  20  37  105  7  29  5  84  74  43  0  67  117
107.911  193.511  2.13061  -0.711003  5  135  34  17  54  57  31  12  102  1  0  33  127  0  0  41  0  135  117  93  27  53  135  63  135  5  20  44  74  4  3  27  0  5  78  135  43  18  135  86  135  36  20  10  35  5  17  9  0  67  75  16  52  61  50  5  113  52  2  2  11  4  4  4
107.911  193.511  2.13061  2.68875  2  5  21  5  8  1  140  47  65  14  21  56  90  40  1  53  13  12  39  5  29  25  140  18  140  69  30  19  136  140  0  17  8  33  41  6  14  70  140  2  140  51  43  65  100  18  13  140  0  86  103  0  0  48  88  0  7  46  82  16  17  10  27  76
96.6971  196.631  2.16807  1.04452  2  0  22  71  20  44  38  51  12  135  36  52  22  56  12  36  27  25  13  46  135  69  4  15  74  135  123  0  21  77  97  0  27  65  56  2  135  19  26  17  133  67  97  7  4  135  78  0  26  9  57  27  135  13  22  36  135  41  6  34  6  82  46  7
410.17  197.123  2.21764  -2.82282  48  45  10  3  6  10  133  70  65  3  55  93  12  7  43  17  15  6  74  73  33  0  133  133  133  4  38  37  23  5  55  6  0  0  133  133  97  6  108  118  133  19  8  6  16  3  35  3  4  0  78  95  133  21  6  14  133  20  4  2  6  5  16  2
602.641  197.073  2.18466  -2.97084  19  1  53  78  41  0  35  133  111  0  0  117  24  1  0  36  22  2  87  107  97  9  116  133  133  10  0  82  53  19  2  39  10  1  73  133  133  69  30  39  133  53  0  29  63  2  3  89  28  47  53  13  133  45  1  2  58  13  0  5  20  1  2  13
457.948  199.044  1.93189  -1.36381  106  6  1  35  143  26  0  24  54  19  2  21  23  6  7  11  143  39  5  12  143  31  1  92  103  8  3  90  58  22  3  5  143  50  7  12  143  5  2  85  143  30  0  20  66  40  9  0  34  30  25  7  143  69  0  13  143  119  0  0  32  60  23  0
558.573  199.094  1.99813  -1.89479  66  5  5  11  24  11  69  21  94  4  11  26  23  1  77  52  61  4  14  21  44  1  127  95  127  2  52  62  9  0  127  108  19  16  45  16  70  31  127  42  127  20  94  25  3  4  127  76  3  4  34  33  58  8  102  31  111  4  127  69  19  4  127  78
610.228  200.029  2.13668  0.993276  6  9  29  59  116  8  0  106  122  3  0  122  122  0  0  103  9  57  94  1  122  35  8  3  122  29  10  22  122  1  0  75  3  51  122  0  122  37  30  13  107  23  12  11  122  15  1  37  1  100  46  0  46  122  34  1  78  81  0  2  45  47  0  1
76.9669  200.876  1.83806  -0.304924  5  8  34  49  31  56  20  21  20  103  10  30  35  73  2  31  32  12  14  86  80  33  9  39  15  53  81  46  39  28  19  96  78  10  12  123  126  41  2  38  37  126  51  4  70  126  19  4  126  122  10  5  126  126  0  0  92  126  0  0  73  126  1  0
89.6732  202.356  2.14372  0.862928  17  52  42  2  141  39  15  3  86  67  116  0  8  55  112  0  30  16  80  31  141  33  19  11  117  93  79  3  1  141  92  0  30  59  37  30  141  49  2  19  141  36  13  35  3  62  88  8  33  26  7  50  141  16  0  30  119  4  1  39  4  2  30  13
407.278  202.009  2.03918  -2.8809  70  71  4  0  14  12  27  34  1  0  32  77  4  0  21  99  30  41  49  15  15  4  127  127  80  6  48  117  9  8  58  33  4  1  127  127  89  2  127  127  127  10  26  20  11  7  64  5  3  0  127  127  127  15  46  58  127  13  14  5  7  4  31  4
407.278  202.009  2.03918  0.895044  4  47  126  1  90  75  125  0  161  49  1  0  49  16  33  0  31  35  59  12  84  130  161  1  161  28  12  25  60  3  61  24  51  6  12  32  45  90  103  20  161  91  19  15  49  5  51  36  16  21  30  14  92  41  4  19  85  49  1  2  17  20  19  3
447.9  202.673  2.12689  -1.40337  68  0  1  47  141  0  0  141  111  2  5  86  15  62  42  7  30  9  8  20  141  3  1  85  141  13  0  58  53  15  1  18  7  36  82  17  141  37  5  33  141  48  1  53  51  12  3  41  6  38  85  4  141  52  10  11  141  9  1  83  116  18  0  20
101.646  203.385  2.17833  -2.52949  21  16  34  19  97  1  10  68  99  7  12  72  4  6  123  33  29  4  61  110  90  2  39  123  123  10  12  89  19  1  123  73  13  13  50  64  123  5  18  66  123  11  33  111  12  2  123  97  0  54  65  7  36  70  39  67  66  32  14  123  4  20  49  50
390.261  204.488  2.22822  -2.95657  11  2  25  49  88  1  0  59  54  5  5  37  15  13  4  10  6  1  50  153  75  1  16  153  153  3  1  153  47  7  9  23  60  14  94  85  146  16  48  85  153  14  0  29  52  0  6  22  72  11  77  13  135  19  32  2  153  22  0  1  31  8  2  5
441.367  204.487  2.26237  -2.05976  144  27  1  13  85  10  5  16  144  31  0  1  91  4  36  14  81  101  33  4  130  8  0  13  144  10  0  21  77  4  66  13  13  9  83  22  128  30  0  14  144  49  0  9  62  17  47  15  36  58  39  11  144  144  0  9  130  102  1  6  27  22  13  3
24.2205  205.854  2.05059  3.10734  1  9  11  2  129  20  6  0  170  10  0  0  18  3  1  0  5  10  11  23  167  7  6  17  170  7  0  4  23  6  0  0  16  0  3  121  170  1  1  80  170  8  0  10  23  9  0  0  11  0  2  86  170  0  0  90  170  3  0  20  20  7  0  0
71.4255  205.448  2.10197  -0.0387281  0  1  36  19  20  13  43  33  41  37  16  17  11  33  28  50  0  2  83  41  23  4  44  130  130  16  6  85  42  102  27  5  0  17  130  18  57  25  91  64  130  89  1  25  130  103  0  0  0  36  130  0  108  130  48  0  130  130  2  0  66  79  3  1
83.7236  209.358  2.13561  0.687292  21  34  36  43  141  50  6  9  117  76  42  5  0  98  97  0  47  71  9  24  141  66  0  6  141  21  13  28  2  35  103  10  139  1  11  118  141  19  0  39  104  13  4  41  1  3  46  16  141  19  17  39  141  43  0  25  54  64  8  3  0  12  61  9
403.915  209.662  2.05819  1.40771  133  68  23  85  133  4  8  133  13  28  130  33  1  79  128  0  44  133  69  22  133  78  12  71  82  20  22  29  10  116  67  0  26  23  11  82  133  36  4  31  88  6  1  20  39  16  25  11  26  68  24  11  133  56  2  6  41  37  6  4  49  25  7  4
106.808  212.176  2.09942  2.60333  2  0  7  13  29  40  11  16  27  120  11  18  35  103  11  3  7  4  48  40  120  31  12  60  77  77  47  59  73  47  15  21  30  2  93  70  120  9  6  120  120  19  15  120  120  82  3  8  65  8  81  35  102  118  0  26  120  120  0  8  120  71  4  4
421.567  212.471  2.20563  -2.05145  110  10  3  7  114  4  6  68  134  13  4  39  8  33  130  18  131  7  8  5  134  9  11  8  134  11  1  6  34  52  134  4  114  16  3  2  133  17  4  2  134  2  0  17  38  3  133  19  91  6  2  11  99  12  4  4  134  12  0  6  31  0  94  14
63.6254  213.521  2.02082  2.88466  8  0  93  110  9  0  132  132  102  1  11  58  40  9  1  3  5  0  132  132  80  0  67  132  132  7  1  22  65  11  0  2  7  28  132  70  132  45  10  20  132  15  0  14  64  2  0  23  3  85  49  3  68  92  2  0  98  21  0  13  54  0  0  25
24.4921  214.762  2.15489  -3.05377  13  105  8  0  177  68  11  4  191  6  0  12  22  1  2  2  4  20  30  4  152  22  21  8  191  2  0  30  43  2  2  3  4  18  12  6  98  19  11  8  191  3  0  32  67  6  0  4  14  4  5  72  51  1  12  68  191  0  0  45  83  4  0  4
151.66  214.551  2.11708  -0.353977  43  0  27  52  174  1  1  89  101  0  0  89  28  0  1  65  77  2  7  43  174  13  0  14  143  36  0  20  27  9  10  29  120  19  4  7  174  19  0  11  150  19  0  23  10  8  20  15  82  19  7  11  174  4  0  56  135  8  1  39  8  7  2  5
74.5657  216.283  2.13613  0.595514  36  0  29  87  150  8  0  53  150  17  0  20  23  2  11  18  37  27  69  30  150  26  2  36  150  85  0  7  15  26  22  8  12  118  71  0  150  61  3  13  150  32  3  21  5  29  67  1  2  85  61  0  133  68  12  10  150  3  1  56  24  14  38  16
414.786  217.318  2.27059  -2.17915  135  11  0  5  135  8  0  24  89  5  19  21  2  4  43  11  135  21  2  2  135  5  4  76  135  7  8  76  6  9  87  37  135  20  8  4  128  18  14  15  135  38  3  6  20  50  135  12  70  17  3  2  124  20  2  1  135  13  1  4  19  11  135  12
109.967  220.462  2.00257  -2.28582  15  48  50  4  125  39  18  75  125  21  0  85  80  3  0  102  29  34  35  15  125  60  70  16  125  52  21  23  44  26  53  101  16  19  27  20  101  18  53  32  125  30  19  125  19  29  125  125  9  20  30  6  10  14  24  10  28  16  67  125  23  9  80  125
440.108  221.649  2.20426  -1.97946  5  10  47  8  151  2  0  14  153  6  0  9  34  14  4  2  2  153  47  7  153  100  22  10  153  11  0  25  46  6  6  15  19  153  51  1  42  153  110  1  153  129  17  7  56  4  0  9  16  12  5  22  5  60  45  16  8  43  78  7  27  3  2  7
261.333  222.494  2.12889  -0.605558  60  0  1  132  37  3  46  102  27  3  33  91  32  0  0  53  74  20  0  132  132  24  17  117  43  88  68  18  66  40  9  34  42  132  20  10  132  104  17  20  69  51  42  41  15  48  49  52  2  84  44  0  63  53  71  21  55  4  102  82  55  2  59  132
254.91  223.496  2.19288  -1.61352  46  57  45  25  132  2  0  64  132  2  0  52  40  1  6  23  10  132  132  0  132  54  46  16  132  16  4  30  52  2  10  47  4  55  132  20  106  132  79  4  127  98  47  31  78  0  16  49  32  29  61  24  73  68  14  27  13  32  92  13  69  18  15  3
483.471  223.191  1.90761  -1.06941  0  52  73  0  108  63  98  2  148  79  0  5  58  16  0  16  0  51  85  0  124  61  129  6  148  18  3  43  45  1  0  30  7  59  62  0  79  88  148  1  148  65  6  9  49  3  1  20  18  24  40  0  68  111  59  0  117  104  11  0  8  19  23  8
245.56  224.919  2.19535  -2.05367  75  16  77  9  136  0  0  31  120  18  0  8  44  29  0  0  41  60  136  4  136  8  1  37  136  9  0  21  58  19  4  1  14  66  136  2  136  46  13  2  136  43  0  5  64  4  6  11  10  86  123  12  129  136  14  3  115  37  3  29  33  2  4  16
546.638  224.697  2.13628  1.19716  13  27  79  5  138  79  14  6  111  138  0  0  46  87  5  1  15  59  64  0  138  87  18  12  138  99  8  32  5  33  52  21  6  54  54  0  138  29  28  72  138  10  5  131  9  9  40  26  2  73  45  0  83  28  85  20  138  18  3  50  9  11  12  22
577.967  189.013  2.36857  0.834641  60  11  97  13  113  69  14  8  12  107  57  0  31  113  10  0  60  13  134  26  134  36  7  41  66  134  60  22  28  97  19  32  54  56  123  8  134  84  10  17  60  18  64  79  54  38  16  27  103  114  14  6  80  103  54  8  37  54  25  7  37  39  3  2
429.292  209.98  2.28317  -1.98311  122  1  1  3  127  3  1  5  135  2  1  17  27  25  135  7  135  9  0  5  129  12  0  3  135  1  0  24  44  3  135  17  135  11  0  15  135  7  0  8  135  11  0  5  42  1  130  13  45  40  9  1  110  1  0  10  135  1  0  17  27  5  82  6
255.893  225.157  2.40397  -1.55339  40  77  59  29  130  7  2  86  130  0  0  68  39  0  4  25  4  130  130  0  123  101  70  14  130  19  0  38  59  0  1  55  1  43  130  12  72  130  98  3  117  115  37  14  70  3  15  40  7  10  82  15  66  44  14  43  20  28  60  21  51  23  20  1
428.598  189.045  3.33157  0.966492  2  2  39  76  82  1  9  127  110  0  0  57  13  0  16  18  0  40  139  26  111  12  57  100  139  6  0  72  40  2  65  15  0  46  131  0  97  65  118  3  139  46  5  4  31  6  98  10  1  21  50  1  69  77  100  0  139  33  14  2  12  3  108  8
618.413  192.838  3.32198  0.0386336  1  5  23  13  82  3  29  44  167  6  0  9  33  6  0  0  0  2  93  36  139  11  56  74  167  5  0  32  53  6  0  0  7  39  123  19  130  117  19  7  167  57  0  3  56  9  1  0  6  95  48  0  98  116  2  0  167  68  0  0  24  8  0  0
85.8717  200.105  3.25225  0.956978  3  7  53  46  47  37  15  53  146  117  30  9  17  119  70  4  29  11  77  7  100  41  28  15  147  58  21  7  33  147  90  1  22  16  68  6  86  25  12  38  147  17  1  50  73  34  49  22  2  17  60  5  36  12  66  92  147  4  4  115  113  20  19  19
619.095  202.317  3.19953  0.405601  19  0  69  43  149  0  4  125  149  1  0  50  4  5  0  0  15  20  120  9  149  50  7  39  149  5  0  54  26  6  0  2  27  93  75  1  149  93  0  0  149  23  0  17  49  3  0  7  5  99  17  0  54  99  0  0  147  16  0  29  71  0  0  23
468.627  207.609  3.12131  -0.600047  87  0  0  129  92  0  0  132  114  26  12  37  9  117  94  0  53  51  12  33  151  10  0  95  151  14  0  40  46  47  55  1  8  32  34  10  151  23  4  30  151  22  0  15  39  2  26  18  7  51  25  3  111  58  25  25  151  4  0  58  29  0  3  31
490.282  189.854  4.32773  1.5899  98  0  0  120  62  0  4  73  4  7  37  14  7  22  21  8  97  9  21  140  140  2  0  140  80  23  4  18  6  39  26  2  62  81  74  9  140  50  0  14  134  33  9  14  2  8  81  60  38  88  46  11  140  66  4  6  57  5  70  91  0  0  96  127
579.891  189.557  3.94075  0.992834  4  63  128  7  20  43  34  5  5  116  52  0  26  128  124  0  14  7  128  53  128  57  48  15  56  128  10  4  24  128  33  0  56  16  66  94  128  82  31  11  87  49  5  10  71  47  0  9  89  115  4  10  98  115  8  0  36  47  7  0  25  15  12  14
604.464  198.497  4.0803  3.09054  0  0  144  32  8  0  80  115  34  0  0  105  9  0  17  42  0  0  146  100  28  1  111  146  146  1  1  108  30  0  3  43  0  9  146  37  87  50  99  51  146  22  0  25  44  1  3  37  1  13  146  12  48  56  46  2  40  10  0  5  23  2  7  29
97.4016  199.646  3.97485  1.15941  0  0  80  126  1  8  86  126  15  17  16  109  21  7  1  37  6  5  60  117  121  77  26  50  50  126  46  14  44  97  15  4  19  20  42  10  126  29  2  22  126  126  38  18  6  118  75  0  10  13  39  4  126  2  6  64  126  7  7  87  17  38  77  5
393.862  202.351  4.31176  -3.01043  132  95  2  11  79  41  2  71  49  19  3  42  13  29  4  1  46  40  78  132  84  1  21  132  132  3  0  77  35  1  0  13  132  15  79  132  132  23  4  25  132  24  0  7  28  0  0  22  132  57  4  16  132  45  0  0  132  20  3  3  9  0  3  13
90.8988  206.721  4.30049  0.934109  3  5  33  107  54  55  24  77  29  96  36  48  32  32  3  21  25  19  38  10  137  74  9  4  70  137  86  0  12  87  62  0  25  10  42  19  137  9  3  66  136  50  70  22  0  39  137  10  4  49  69  14  137  50  27  73  137  23  30  44  2  69  116  6
103.927  206.483  3.85858  2.98679  10  4  8  8  50  37  4  10  98  108  0  2  81  90  1  4  4  4  54  18  117  7  17  96  127  29  3  39  47  24  69  92  0  31  109  4  127  27  57  45  127  13  33  127  9  0  107  127  0  122  93  0  24  93  90  23  23  18  42  123  11  7  17  50
446.254  206.103  4.31741  -1.76661  130  12  5  30  130  0  0  34  98  24  130  24  20  52  130  34  80  130  10  5  130  40  5  21  130  22  55  28  6  130  130  1  7  65  26  7  80  50  27  3  130  37  3  3  13  62  58  1  17  36  30  4  70  114  2  0  87  70  14  2  5  6  54  37
68.4389  210.359  4.58523  0.641659  6  3  20  8  13  6  62  13  139  52  2  7  90  103  63  0  16  29  19  13  18  33  123  36  139  30  18  56  135  31  67  8  13  139  8  0  8  139  116  2  139  122  41  18  138  30  69  25  3  42  19  8  3  41  47  24  57  53  33  22  105  7  20  62
417.853  218.886  4.10124  -2.16627  68  7  1  8  133  10  0  8  122  3  6  26  4  0  19  78  111  4  9  12  133  7  0  16  128  3  35  39  5  0  83  59  133  26  16  2  133  21  0  2  133  15  79  8  22  2  133  61  60  103  22  0  133  25  0  0  102  8  90  13  21  1  133  48
76.7341  221.026  4.19286  0.655347  14  4  35  15  136  32  0  17  104  68  58  2  1  53  79  2  18  49  95  24  136  32  14  38  136  26  69  9  0  16  136  30  4  132  70  0  136  99  26  17  136  25  53  46  1  52  136  5  3  17  29  20  33  38  26  17  114  7  12  69  21  20  108  10
475.432  193.686  5.10922  1.7865  81  1  3  132  128  2  2  91  25  28  16  3  3  8  63  40  95  68  34  38  132  13  1  35  63  7  80  68  6  0  132  101  59  91  24  24  132  50  9  16  30  3  132  78  9  1  93  56  83  6  6  60  111  10  5  66  10  15  121  32  2  26  106  19
616.591  195.673  6.67199  0.155408  0  1  61  19  107  0  38  30  170  0  0  33  17  0  0  1  3  33  51  16  104  15  91  47  170  7  3  53  49  0  0  1  6  82  40  0  82  170  107  5  170  94  2  6  62  4  0  0  21  52  6  0  32  132  14  0  170  47  0  4  48  0  0  1
406.131  224.511  6.66554  -2.25219  110  1  0  132  132  2  5  132  58  36  16  32  34  26  1  3  92  23  9  24  132  11  0  36  109  11  7  79  31  1  1  64  86  39  40  1  132  23  8  10  58  1  70  103  92  0  4  90  36  104  26  0  132  45  33  5  41  6  132  66  110  0  3  51
450.24  188.008  8.53449  0.590579  0  2  103  32  23  47  38  11  36  105  25  0  119  52  5  0  2  12  119  16  119  46  14  29  78  119  11  26  75  93  4  36  8  31  119  9  119  52  50  44  59  9  38  119  47  2  2  119  6  75  99  0  42  67  104  35  32  1  93  119  42  0  9  119
481.809  199.253  8.56381  1.63832  90  20  2  104  71  60  5  53  5  51  30  3  0  30  75  8  117  34  1  67  117  21  2  100  55  12  56  58  0  5  117  75  99  45  2  13  117  47  16  31  32  2  117  117  0  0  105  117  31  20  23  19  89  5  22  117  33  18  117  65  2  20  112  79
430.197  204.369  7.53699  -1.9519  118  2  0  84  118  0  10  84  30  0  15  118  32  0  1  58  118  38  11  15  118  5  46  47  49  2  100  118  111  0  0  107  55  118  8  0  118  64  44  2  33  93  118  23  95  21  7  54  20  104  5  0  53  86  23  7  5  47  118  16  13  15  34  11
430.197  204.369  7.53699  1.13974  38  11  12  16  116  20  5  43  22  9  46  93  6  0  16  108  13  49  96  27  122  19  32  88  28  1  122  80  11  0  35  122  2  107  115  0  114  107  45  2  27  33  122  12  17  6  103  59  1  69  38  0  18  122  33  0  5  73  122  0  1  61  122  7
90.0366  215.327  8.23782  0.85477  4  0  63  122  9  9  43  122  7  20  21  122  19  13  4  115  4  1  97  76  122  58  23  41  47  122  80  11  87  33  28  16  11  92  32  9  122  84  19  14  105  58  122  15  108  67  70  14  5  122  62  0  48  84  28  4  60  55  26  12  25  58  29  6
116.799  199.279  9.97418  -0.908888  4  13  122  47  130  11  10  90  142  12  1  52  56  17  1  1  0  142  77  35  109  103  79  24  142  14  2  23  47  12  0  22  3  57  58  117  82  35  69  45  142  26  2  13  35  14  6  28  12  64  29  94  76  73  36  15  142  51  0  1  21  26  14  1
48.3332  187.816  16.597  -3.04479  73  33  9  30  109  19  2  82  156  6  0  40  20  0  0  1  13  106  87  28  123  77  28  119  156  23  0  59  51  0  0  2  2  154  78  0  57  156  45  2  156  78  0  8  52  0  0  4  1  15  17  37  12  50  18  28  136  21  1  38  33  0  0  13
564  186.165  14.9043  2.86544  0  0  25  61  21  2  29  117  23  48  77  36  1  117  117  0  5  3  80  65  106  14  21  117  117  28  4  48  17  90  88  38  13  9  79  41  96  42  8  56  103  11  31  117  32  2  27  117  8  64  70  53  37  68  7  111  26  82  42  110  82  89  5  48
477.46  200.701  17.0038  -0.79331  1  1  43  62  0  4  49  128  6  2  14  128  19  0  3  128  27  0  78  128  85  55  36  75  8  116  100  53  23  92  35  93  103  15  64  73  128  20  3  46  36  104  83  34  0  78  82  39  37  37  74  5  128  8  0  44  53  14  58  39  3  35  78  22
477.46  200.701  17.0038  1.30713  26  20  116  10  115  42  10  23  40  116  13  1  37  21  20  34  11  75  116  4  116  53  17  23  77  31  58  67  0  4  116  110  1  64  109  0  57  64  56  32  18  13  116  116  14  8  84  95  4  34  23  0  2  116  56  1  1  116  116  12  45  116  31  13
508.404  214.539  21.7413  -1.00405  3  0  44  111  6  4  35  123  20  3  12  123  40  0  0  112  52  5  123  123  123  44  21  70  16  97  104  59  55  34  30  115  67  32  123  5  123  22  10  26  21  42  121  52  10  39  64  28  30  34  93  1  123  32  6  7  19  65  70  7  6  34  16  4
77.536  204.592  32.29  -3.04243  56  139  16  1  146  146  18  2  146  58  0  1  5  0  0  0  9  146  64  0  146  127  43  20  146  23  0  28  13  0  0  0  15  74  27  4  54  146  63  9  146  58  2  23  15  0  0  4  16  68  8  5  12  103  15  11  41  33  20  42  3  0  1  13
518.629  220.124  29.1976  -0.962781  37  0  33  72  3  0  40  128  35  0  8  128  58  0  0  124  35  2  128  128  128  17  46  128  30  38  88  110  97  3  13  128  27  31  128  14  128  37  40  10  34  36  128  8  21  7  30  15  9  34  80  11  102  43  19  2  22  17  20  1  0  1  2  0
