64
376.871  245.377  305.179  228.417
294.238  241.146  262.702  222.709
392.785  283.456  293.509  333.97
307.223  468.522  264.04  397.93
310.857  424.557  267.382  364.911
274.547  435.058  250.003  367.982
321.553  427.741  272.272  367.682
294.238  241.146  262.701  222.675
341.189  428.765  282.427  371.817
100.25  367.813  177.034  301.215
248.654  229.88  241.525  213.175
199.529  307.527  218.123  266.314
297.451  419.057  260.534  357.915
133.778  263.125  193.154  234.144
393.862  202.351  314.919  196.37
229.928  285.217  231.58  251.647
417.853  218.886  329.257  207.302
24.4263  163.725  156.769  170.206
315.882  233.095  273.328  217.721
106.941  397.511  180.56  322.737
306.637  252.622  268.295  231.533
215.037  348.107  224.13  297.424
340.366  386.607  283.164  337.653
36.9448  245.824  157.923  219.225
203.439  261.949  220.744  235.246
234.641  387.356  232.173  326.877
194.205  468.343  216.452  381.266
216.591  467.594  222.186  383.047
173.492  303.208  207.894  261.849
199.099  293.899  217.906  257.418
36.8246  431.067  242.511  376.642
213.001  275.515  224.319  245.186
216.449  256.416  226.291  231.955
404.842  241.245  321.883  224.745
291.676  249.732  261.953  229.541
130.245  465.956  187.545  370.685
203.593  365.627  219.45  308.361
380.669  268.986  306.676  244.985
373.895  235.435  304.352  220.585
391.02  265.009  311.504  246.786
278.825  437.921  252.142  369.986
90.0366  215.327  177.282  202.321
138.754  400.911  197.133  332.454
241.082  346.533  236.567  297.926
227.04  302.643  229.875  266.039
391.02  265.009  311.606  245.505
354.869  254.522  294.416  230.671
153.223  312.375  198.333  267.979
136.907  305.684  194.194  262.583
155.407  321.887  200.923  274.341
34.4628  176.892  158.805  174.893
373.895  235.435  304.82  220.581
190.384  260.802  214.663  234.482
373.895  235.435  304.729  221.382
89.8231  162.645  177.179  166.987
340.366  386.607  284.082  338.336
306.637  252.622  267.229  231.261
274.547  435.058  250.992  366.997
123.242  252.686  189.919  225.112
27.4956  167.145  155.478  171.718
189.889  389.327  213.394  322.839
181.005  372.024  204.994  308.73
237.416  240.171  234.905  221.645
307.223  468.522  264.04  397.93
