1205
0.8 0.8
608.096  462.884  608.096  462.884
608.384  462.58  608.384  462.58
608.433  462.019  608.433  462.019
24.5988  25.3235  24.5988  25.3235
605.795  458.967  605.795  458.967
29.2468  26.3999  29.2468  26.3999
30.8452  25.5395  30.8452  25.5395
28.5855  27.898  28.5855  27.898
29.8483  26.9746  29.8483  26.9746
32.1108  25.353  32.1108  25.353
49.0451  466.381  49.0451  466.381
28.2005  28.4052  28.2005  28.4052
38.191  458.817  38.191  458.817
32.8916  25.8994  32.8916  25.8994
28.3765  29.3669  28.3765  29.3669
27.7416  30.2734  27.7416  30.2734
38.161  457.051  38.161  457.051
28.124  30.3686  28.124  30.3686
37.7965  456.634  37.7965  456.634
30.3251  29.06  30.3251  29.06
30.8002  29.0345  30.8002  29.0345
30.3561  29.5561  30.3561  29.5561
607.678  451.157  607.678  451.157
36.6339  454.044  36.6339  454.044
36.9608  454.141  36.9608  454.141
608.943  449.003  608.943  449.003
38.9408  455.488  38.9408  455.488
606.371  450.872  606.371  450.872
605.239  450.925  605.239  450.925
36.45  452.491  36.45  452.491
29.7469  33.3511  29.7469  33.3511
601.507  452.461  601.507  452.461
600.189  453.137  600.189  453.137
599.793  451.672  599.793  451.672
607.735  445.665  607.735  445.665
606.595  445.483  606.595  445.483
605.682  444.477  605.682  444.477
595.102  451.486  595.102  451.486
32.963  443.073  32.963  443.073
603.157  443.494  603.157  443.494
592.108  450.257  592.108  450.257
30.9097  42.7011  30.9097  42.7011
601.897  441.914  601.897  441.914
30.3235  43.6203  30.3235  43.6203
588.993  450.317  588.993  450.317
54.5331  453.634  54.5331  453.634
53.2759  452.292  53.2759  452.292
54.4225  452.27  54.4225  452.27
51.8458  450.255  51.8458  450.255
54.4506  452.006  54.4506  452.006
54.9324  452.094  54.9324  452.094
52.6862  450.531  52.6862  450.531
57.6622  453.883  57.6622  453.883
36.2743  41.7001  36.2743  41.7001
58.019  452.457  58.019  452.457
54.7834  450.206  54.7834  450.206
56.0349  450.68  56.0349  450.68
50.778  446.701  50.778  446.701
581.61  450.945  581.61  450.945
55.022  447.53  55.022  447.53
28.7561  57.6777  28.7561  57.6777
28.639  58.9027  28.639  58.9027
58.6064  444.361  58.6064  444.361
43.0716  432.71  43.0716  432.71
28.1514  59.9339  28.1514  59.9339
28.5809  59.6159  28.5809  59.6159
62.9342  446.98  62.9342  446.98
29.5018  58.9787  29.5018  58.9787
31.8201  57.1786  31.8201  57.1786
59.3466  444.095  59.3466  444.095
28.7873  60.3553  28.7873  60.3553
28.824  60.5394  28.824  60.5394
28.9279  61.5763  28.9279  61.5763
35.4506  423.732  35.4506  423.732
44.7575  431.105  44.7575  431.105
33.6575  420.905  33.6575  420.905
31.6948  61.379  31.6948  61.379
31.8846  61.8001  31.8846  61.8001
72.7762  448.197  72.7762  448.197
36.1399  419.551  36.1399  419.551
70.363  443.584  70.363  443.584
113.801  467.966  113.801  467.966
35.8524  415.459  35.8524  415.459
616.964  79.4553  616.964  79.4553
115.746  467.812  115.746  467.812
117.235  468.334  117.235  468.334
617.551  80.5828  617.551  80.5828
617.622  80.8238  617.622  80.8238
617.153  80.6056  617.153  80.6056
617.666  81.4379  617.666  81.4379
616.229  80.537  616.229  80.537
615.385  79.7358  615.385  79.7358
615.998  80.7404  615.998  80.7404
542.693  24.7472  542.693  24.7472
542.089  24.5549  542.089  24.5549
36.3508  412.325  36.3508  412.325
542.758  25.348  542.758  25.348
39.3954  414.45  39.3954  414.45
55.5626  427.189  55.5626  427.189
81.9341  445.672  81.9341  445.672
40.9411  414.953  40.9411  414.953
39.8582  413.953  39.8582  413.953
43.1908  416.856  43.1908  416.856
613.404  80.5451  613.404  80.5451
551.306  31.7978  551.306  31.7978
56.3783  427.127  56.3783  427.127
36.632  410.536  36.632  410.536
62.3432  431.494  62.3432  431.494
41.7991  414.748  41.7991  414.748
543.489  27.5577  543.489  27.5577
41.5227  414.121  41.5227  414.121
550.188  32.0887  550.188  32.0887
550.048  32.0814  550.048  32.0814
49.7968  420.703  49.7968  420.703
545.873  29.8131  545.873  29.8131
548.842  31.7714  548.842  31.7714
40.4737  411.861  40.4737  411.861
66.7267  432.786  66.7267  432.786
39.508  410.766  39.508  410.766
43.4669  413.904  43.4669  413.904
59.0613  426.64  59.0613  426.64
44.7802  414.953  44.7802  414.953
41.8791  412.396  41.8791  412.396
55.2217  423.311  55.2217  423.311
49.2255  418.267  49.2255  418.267
50.7329  418.848  50.7329  418.848
39.0737  408.686  39.0737  408.686
94.7927  449.352  94.7927  449.352
608.061  81.5185  608.061  81.5185
46.4373  413.858  46.4373  413.858
43.6292  411.375  43.6292  411.375
67.107  429.808  67.107  429.808
46.1697  412.555  46.1697  412.555
45.262  411.605  45.262  411.605
614.391  89.8187  614.391  89.8187
127.37  464.435  127.37  464.435
44.5029  410.487  44.5029  410.487
120.894  460.968  120.894  460.968
120.795  460.571  120.795  460.571
75.1138  433.276  75.1138  433.276
612.315  89.6325  612.315  89.6325
129.17  463.974  129.17  463.974
130.224  464.464  130.224  464.464
127.611  463.192  127.611  463.192
87.7606  441.299  87.7606  441.299
48.0078  411.677  48.0078  411.677
617.569  96.1589  617.569  96.1589
130.562  463.872  130.562  463.872
128.54  462.79  128.54  462.79
613.723  92.9324  613.723  92.9324
617.361  97.3087  617.361  97.3087
52.9915  414.517  52.9915  414.517
132.316  463.865  132.316  463.865
128.352  461.822  128.352  461.822
132.422  463.501  132.422  463.501
87.4818  438.963  87.4818  438.963
615.095  96.3948  615.095  96.3948
118.157  23.9045  118.157  23.9045
128.676  461.048  128.676  461.048
504.085  463.297  504.085  463.297
608.389  90.5267  608.389  90.5267
603.906  86.4631  603.906  86.4631
50.3091  409.015  50.3091  409.015
71.0964  425.643  71.0964  425.643
615.227  99.4217  615.227  99.4217
604.464  88.6396  604.464  88.6396
57.0518  413.256  57.0518  413.256
603.971  88.5239  603.971  88.5239
603.512  88.1862  603.512  88.1862
603.865  88.7262  603.865  88.7262
87.1418  435.007  87.1418  435.007
142.738  464.682  142.738  464.682
143.289  464.884  143.289  464.884
33.2419  390.325  33.2419  390.325
618.302  105.664  618.302  105.664
616.5  103.483  616.5  103.483
612.557  98.872  612.557  98.872
94.1051  438.97  94.1051  438.97
145.44  465.405  145.44  465.405
603.621  89.6454  603.621  89.6454
144.83  464.905  144.83  464.905
146.381  465.537  146.381  465.537
602.477  89.664  602.477  89.664
600.612  88.2577  600.612  88.2577
510.542  455.367  510.542  455.367
599.472  88.331  599.472  88.331
605.684  94.9428  605.684  94.9428
56.1508  408.439  56.1508  408.439
598.068  87.5436  598.068  87.5436
603.889  93.8175  603.889  93.8175
82.1409  427.822  82.1409  427.822
605.323  95.7292  605.323  95.7292
605.77  97.0463  605.77  97.0463
48.958  400.232  48.958  400.232
601.616  92.9996  601.616  92.9996
480.583  466.332  480.583  466.332
147.062  462.248  147.062  462.248
584.274  76.6714  584.274  76.6714
138.622  458.121  138.622  458.121
610.986  104.674  610.986  104.674
610.878  104.816  610.878  104.816
79.8326  423.883  79.8326  423.883
156.474  465.14  156.474  465.14
610.861  105.599  610.861  105.599
175.759  470.954  175.759  470.954
600.074  95.2934  600.074  95.2934
156.804  463.807  156.804  463.807
146.46  459.447  146.46  459.447
156.817  463.587  156.817  463.587
177.113  470.716  177.113  470.716
70.8458  414.054  70.8458  414.054
602.391  99.5341  602.391  99.5341
157.91  463.154  157.91  463.154
596.041  93.1054  596.041  93.1054
148.632  458.953  148.632  458.953
102.42  45.1081  102.42  45.1081
489.74  457.943  489.74  457.943
60.2022  403.432  60.2022  403.432
102.688  45.7519  102.688  45.7519
157.154  461.211  157.154  461.211
594.542  93.9783  594.542  93.9783
153.031  459.267  153.031  459.267
500.288  452.013  500.288  452.013
496.295  453.742  496.295  453.742
153.633  459.232  153.633  459.232
68.8033  408.84  68.8033  408.84
154.437  458.884  154.437  458.884
134.11  449.215  134.11  449.215
501.672  449.636  501.672  449.636
489.571  454.348  489.571  454.348
141.509  451.296  141.509  451.296
495.23  451.032  495.23  451.032
495.212  450.831  495.212  450.831
619.302  132.915  619.302  132.915
121.687  40.1663  121.687  40.1663
121.609  40.5529  121.609  40.5529
139.512  448.429  139.512  448.429
122.199  40.2708  122.199  40.2708
185.484  465.992  185.484  465.992
620.237  137.189  620.237  137.189
186.372  465.984  186.372  465.984
160.12  23.7297  160.12  23.7297
185.953  465.077  185.953  465.077
186.321  464.807  186.321  464.807
183.72  463.709  183.72  463.709
589.429  99.8671  589.429  99.8671
197.851  467.208  197.851  467.208
28.9671  355.632  28.9671  355.632
186.481  463.462  186.481  463.462
183.96  462.476  183.96  462.476
183.894  462.39  183.894  462.39
185.548  462.714  185.548  462.714
191.041  464.466  191.041  464.466
154.936  451.028  154.936  451.028
189.817  463.554  189.817  463.554
615.405  341.367  615.405  341.367
203.095  466.919  203.095  466.919
31.7519  356.028  31.7519  356.028
190.991  463.147  190.991  463.147
77.1719  403.069  77.1719  403.069
615.001  341.201  615.001  341.201
140.98  443.009  140.98  443.009
615.334  339.902  615.334  339.902
33.5387  356.921  33.5387  356.921
29.1678  350.377  29.1678  350.377
600.318  119.332  600.318  119.332
600.816  120.184  600.816  120.184
598.506  117.84  598.506  117.84
34.4233  356.648  34.4233  356.648
32.1468  353.102  32.1468  353.102
612.379  341.874  612.379  341.874
600.797  121.442  600.797  121.442
613.054  340.259  613.054  340.259
188.673  459.956  188.673  459.956
182.119  457.482  182.119  457.482
36.491  357.022  36.491  357.022
599.202  121.48  599.202  121.48
601.028  124.081  601.028  124.081
600.807  124.336  600.807  124.336
169.04  451.962  169.04  451.962
179.564  455.784  179.564  455.784
600.124  124.205  600.124  124.205
180.3  455.849  180.3  455.849
32.698  349.474  32.698  349.474
178.515  454.884  178.515  454.884
178.094  454.731  178.094  454.731
584.069  373.962  584.069  373.962
182.879  455.767  182.879  455.767
567.508  389.942  567.508  389.942
33.0565  348.512  33.0565  348.512
599.671  125.582  599.671  125.582
32.9206  348.223  32.9206  348.223
185.413  456.235  185.413  456.235
142.042  438.29  142.042  438.29
570.185  386.53  570.185  386.53
599.435  126.599  599.435  126.599
570.424  385.714  570.424  385.714
612.21  332.879  612.21  332.879
570.026  385.94  570.026  385.94
568.243  387.617  568.243  387.617
218.303  464.888  218.303  464.888
569.612  385.853  569.612  385.853
598.704  129.307  598.704  129.307
35.6063  346.149  35.6063  346.149
35.2513  345.613  35.2513  345.613
616.424  319.487  616.424  319.487
139.861  433.949  139.861  433.949
36.7109  346.805  36.7109  346.805
35.0187  344.191  35.0187  344.191
576.616  375.123  576.616  375.123
137.055  431.977  137.055  431.977
596.343  128.751  596.343  128.751
184.93  452.355  184.93  452.355
38.0868  347.649  38.0868  347.649
170.195  446.575  170.195  446.575
616.362  163.626  616.362  163.626
616.089  163.297  616.089  163.297
176.716  448.882  176.716  448.882
34.4795  341.335  34.4795  341.335
34.8626  341.752  34.8626  341.752
35.0236  341.364  35.0236  341.364
48.7878  360.255  48.7878  360.255
252.701  467.981  252.701  467.981
566.33  382.889  566.33  382.889
35.3776  340.611  35.3776  340.611
36.1244  341.757  36.1244  341.757
36.4365  341.878  36.4365  341.878
21.9397  315.829  21.9397  315.829
35.8926  340.817  35.8926  340.817
36.6209  341.575  36.6209  341.575
36.2282  340.963  36.2282  340.963
565.288  382.248  565.288  382.248
599.025  341.195  599.025  341.195
252.142  465.53  252.142  465.53
572.299  373.023  572.299  373.023
256.3  465.812  256.3  465.812
54.6952  361.556  54.6952  361.556
41.867  344.283  41.867  344.283
278.727  468.098  278.727  468.098
255.848  465.241  255.848  465.241
285.937  468.675  285.937  468.675
288.837  468.812  288.837  468.812
25.7441  165.588  25.7441  165.588
50.3629  353.863  50.3629  353.863
26.9982  164.407  26.9982  164.407
150.277  47.8373  150.277  47.8373
552.652  90.9861  552.652  90.9861
44.2277  344.752  44.2277  344.752
609.048  315.844  609.048  315.844
256.873  464.156  256.873  464.156
175.913  442.832  175.913  442.832
307.571  468.542  307.571  468.542
617.184  184.714  617.184  184.714
56.2305  359.643  56.2305  359.643
34.5269  328.226  34.5269  328.226
27.3704  165.863  27.3704  165.863
297.43  467.76  297.43  467.76
250.824  462.702  250.824  462.702
315.859  468.179  315.859  468.179
296.75  467.617  296.75  467.617
317.555  467.955  317.555  467.955
293.409  467.154  293.409  467.154
616.813  292.813  616.813  292.813
301.011  467.45  301.011  467.45
49.3356  349.636  49.3356  349.636
616.818  292.479  616.818  292.479
588.95  132.779  588.95  132.779
284.966  466.345  284.966  466.345
616.601  292.912  616.601  292.912
78.3162  381.706  78.3162  381.706
188.599  446.195  188.599  446.195
596.842  334.966  596.842  334.966
616.989  188.847  616.989  188.847
616.512  292.069  616.512  292.069
616.249  292.523  616.249  292.523
617.301  191.066  617.301  191.066
603.509  322.557  603.509  322.557
52.2935  352.292  52.2935  352.292
35.6429  326.802  35.6429  326.802
616.091  291.763  616.091  291.763
615.934  291.977  615.934  291.977
29.415  165.706  29.415  165.706
92.8923  393.183  92.8923  393.183
306.915  466.686  306.915  466.686
52.5567  351.787  52.5567  351.787
616.197  190.01  616.197  190.01
244.878  460.032  244.878  460.032
52.4578  351.525  52.4578  351.525
616.759  192.663  616.759  192.663
304.414  466.327  304.414  466.327
256.246  461.731  256.246  461.731
52.4824  351.065  52.4824  351.065
192.328  446.17  192.328  446.17
179.845  441.649  179.845  441.649
45.5079  340.9  45.5079  340.9
307.833  466.071  307.833  466.071
600.905  324.421  600.905  324.421
286.117  464.824  286.117  464.824
614.629  291.917  614.629  291.917
238.932  458.246  238.932  458.246
24.6806  180.244  24.6806  180.244
25.6581  178.352  25.6581  178.352
31.0746  165.904  31.0746  165.904
614.769  190.316  614.769  190.316
293.997  464.861  293.997  464.861
240.143  457.983  240.143  457.983
47.1724  341.478  47.1724  341.478
283.53  463.728  283.53  463.728
614.303  191.001  614.303  191.001
183.27  441.567  183.27  441.567
614.273  191.703  614.273  191.703
306.451  464.785  306.451  464.785
306.951  464.761  306.951  464.761
54.7501  350.951  54.7501  350.951
234.367  456.084  234.367  456.084
613.41  189.489  613.41  189.489
51.3397  346.032  51.3397  346.032
115.997  407.174  115.997  407.174
26.9562  178.833  26.9562  178.833
613.233  189.955  613.233  189.955
305.297  464.404  305.297  464.404
613.026  189.34  613.026  189.34
218.405  451.932  218.405  451.932
297.753  463.975  297.753  463.975
26.7118  180.259  26.7118  180.259
300.683  464.099  300.683  464.099
611.133  184.453  611.133  184.453
54.8333  349.884  54.8333  349.884
49.7411  342.611  49.7411  342.611
536.67  85.1076  536.67  85.1076
550.606  96.7623  550.606  96.7623
245.829  457.615  245.829  457.615
48.8881  341.189  48.8881  341.189
306.994  463.753  306.994  463.753
302.419  463.587  302.419  463.587
55.2968  349.661  55.2968  349.661
551.907  98.3754  551.907  98.3754
613.01  192.784  613.01  192.784
610.286  185.04  610.286  185.04
535.938  85.3683  535.938  85.3683
537.019  86.2122  537.019  86.2122
610.359  185.416  610.359  185.416
615.339  203.169  615.339  203.169
611.99  190.963  611.99  190.963
28.613  179.17  28.613  179.17
305.666  463.164  305.666  463.164
48.4678  338.718  48.4678  338.718
222.625  451.517  222.625  451.517
49.2707  338.999  49.2707  338.999
52.584  343.67  52.584  343.67
63.1459  357.128  63.1459  357.128
27.0778  293.516  27.0778  293.516
610.189  290.915  610.189  290.915
597.841  320.351  597.841  320.351
64.2346  358.278  64.2346  358.278
305.547  462.312  305.547  462.312
610.257  189.999  610.257  189.999
617.493  248.742  617.493  248.742
608.861  186.425  608.861  186.425
299.241  461.777  299.241  461.777
599.192  316.575  599.192  316.575
96.9857  389.601  96.9857  389.601
301.133  461.769  301.133  461.769
606.49  180.55  606.49  180.55
58.8688  350.645  58.8688  350.645
534.194  86.3824  534.194  86.3824
215.422  448.46  215.422  448.46
610.748  194.113  610.748  194.113
616.897  248.773  616.897  248.773
63.7304  356.352  63.7304  356.352
30.4336  179.976  30.4336  179.976
66.3936  359.467  66.3936  359.467
533.188  85.9683  533.188  85.9683
561.149  368.877  561.149  368.877
298.477  461.145  298.477  461.145
600.102  312.941  600.102  312.941
66.694  359.185  66.694  359.185
212.924  447.256  212.924  447.256
598.891  314.891  598.891  314.891
610.066  194.59  610.066  194.59
546.217  97.3026  546.217  97.3026
609.816  194.326  609.816  194.326
609.38  193.032  609.38  193.032
60.0042  350.335  60.0042  350.335
609.683  194.22  609.683  194.22
604.453  178.747  604.453  178.747
154.626  424.713  154.626  424.713
63.8608  354.905  63.8608  354.905
239.804  453.203  239.804  453.203
63.7462  354.676  63.7462  354.676
178.302  434.906  178.302  434.906
63.7705  354.435  63.7705  354.435
560.496  367.911  560.496  367.911
61.8065  351.675  61.8065  351.675
59.5458  348.586  59.5458  348.586
608.123  191.707  608.123  191.707
223.296  448.993  223.296  448.993
592.166  325.018  592.166  325.018
608.769  194.515  608.769  194.515
64.5602  354.398  64.5602  354.398
239.602  452.409  239.602  452.409
607.891  192.8  607.891  192.8
152.201  422.267  152.201  422.267
191.962  438.832  191.962  438.832
63.5509  351.991  63.5509  351.991
60.4538  347.689  60.4538  347.689
293.415  458.724  293.415  458.724
592.573  321.103  592.573  321.103
193.609  438.663  193.609  438.663
556.312  369.455  556.312  369.455
35.2111  302.24  35.2111  302.24
54.651  338.603  54.651  338.603
601.191  178.048  601.191  178.048
55.0852  339.057  55.0852  339.057
54.2028  337.597  54.2028  337.597
602.277  181.412  602.277  181.412
51.2066  332.885  51.2066  332.885
110.167  395.008  110.167  395.008
545.966  101.107  545.966  101.107
50.2202  331.064  50.2202  331.064
559.529  365.484  559.529  365.484
50.1879  330.94  50.1879  330.94
51.0823  332.184  51.0823  332.184
612.195  248.549  612.195  248.549
55.3305  337.997  55.3305  337.997
56.2989  339.392  56.2989  339.392
59.0485  343.176  59.0485  343.176
557.97  366.265  557.97  366.265
112.759  396.122  112.759  396.122
602.209  183.793  602.209  183.793
57.3725  340.512  57.3725  340.512
221.121  445.891  221.121  445.891
601.783  183.206  601.783  183.206
214.778  444.098  214.778  444.098
185.506  434.509  185.506  434.509
251.654  452.279  251.654  452.279
63.4801  348.416  63.4801  348.416
24.7912  243.057  24.7912  243.057
194.374  437.365  194.374  437.365
64.9463  349.224  64.9463  349.224
58.3151  340.067  58.3151  340.067
221.636  444.962  221.636  444.962
65.5748  349.212  65.5748  349.212
115.591  396.431  115.591  396.431
36.823  297.9  36.823  297.9
26.4543  235.539  26.4543  235.539
214.346  442.334  214.346  442.334
36.9924  297.118  36.9924  297.118
35.6783  292.873  35.6783  292.873
231.661  446.433  231.661  446.433
215.046  442.165  215.046  442.165
27.0356  235.262  27.0356  235.262
66.8439  349.144  66.8439  349.144
37.6139  182.064  37.6139  182.064
257.579  451.224  257.579  451.224
38.6614  180.021  38.6614  180.021
554.718  365.411  554.718  365.411
577.519  337.306  577.519  337.306
216.387  442.114  216.387  442.114
215.176  441.775  215.176  441.775
568.641  131.159  568.641  131.159
27.9455  237.714  27.9455  237.714
28.05  239.281  28.05  239.281
602.629  198.204  602.629  198.204
602.699  198.726  602.699  198.726
262.39  451.17  262.39  451.17
602.58  199.47  602.58  199.47
39.6894  298.978  39.6894  298.978
229.4  444.507  229.4  444.507
39.2498  296.466  39.2498  296.466
204.768  437.343  204.768  437.343
226.891  442.914  226.891  442.914
574.603  336.072  574.603  336.072
552.738  362.562  552.738  362.562
220.774  440.219  220.774  440.219
42.3106  298.152  42.3106  298.152
575.401  333.073  575.401  333.073
209.437  436.053  209.437  436.053
594.266  187.025  594.266  187.025
32.9103  237.501  32.9103  237.501
195.067  430.868  195.067  430.868
33.2993  231.962  33.2993  231.962
248.249  445.033  248.249  445.033
554.263  358.141  554.263  358.141
569.392  339.256  569.392  339.256
550.58  360.966  550.58  360.966
78.6049  353.193  78.6049  353.193
34.8912  244.271  34.8912  244.271
600.793  246.287  600.793  246.287
552.67  356.732  552.67  356.732
36.0377  244.871  36.0377  244.871
550.461  358.069  550.461  358.069
36.5558  246.608  36.5558  246.608
519.008  93.5443  519.008  93.5443
550.657  357.543  550.657  357.543
36.707  244.965  36.707  244.965
45.7609  187.198  45.7609  187.198
587.923  181.309  587.923  181.309
549.772  357.872  549.772  357.872
46.5766  187.946  46.5766  187.946
198.222  427.575  198.222  427.575
101.853  371.399  101.853  371.399
204.81  429.58  204.81  429.58
49.868  298.075  49.868  298.075
188.773  423.212  188.773  423.212
48.4526  189.299  48.4526  189.299
49.1441  187.886  49.1441  187.886
100.888  368.386  100.888  368.386
548.092  355.056  548.092  355.056
520.26  98.9416  520.26  98.9416
547.323  355.156  547.323  355.156
85.0635  350.364  85.0635  350.364
520.242  100.189  520.242  100.189
579.47  173.753  579.47  173.753
514.484  96.7037  514.484  96.7037
52.3133  186.661  52.3133  186.661
42.9597  234.711  42.9597  234.711
49.459  195.971  49.459  195.971
200.547  424.53  200.547  424.53
43.1323  234.115  43.1323  234.115
51.0822  192.515  51.0822  192.515
220.033  430.258  220.033  430.258
60.0625  171.313  60.0625  171.313
222.567  430.549  222.567  430.549
337.312  442.314  337.312  442.314
513.192  98.1818  513.192  98.1818
102.68  363.954  102.68  363.954
343.211  439.372  343.211  439.372
196.612  418.66  196.612  418.66
108.72  364.649  108.72  364.649
212.287  421.77  212.287  421.77
508.124  102.733  508.124  102.733
373.326  431.472  373.326  431.472
183.046  406.543  183.046  406.543
575.139  274.257  575.139  274.257
344.404  432.573  344.404  432.573
575.559  266.479  575.559  266.479
65.587  192.534  65.587  192.534
354.734  431.027  354.734  431.027
501.062  104.28  501.062  104.28
95.2218  337.608  95.2218  337.608
546.484  150.767  546.484  150.767
65.9049  197.425  65.9049  197.425
556.55  167.758  556.55  167.758
65.4379  203.665  65.4379  203.665
60.8465  243.611  60.8465  243.611
65.5913  204.279  65.5913  204.279
61.2088  243.763  61.2088  243.763
555.494  168.343  555.494  168.343
61.6011  242.884  61.6011  242.884
357.678  427.793  357.678  427.793
120.321  360.834  120.321  360.834
62.0917  242.863  62.0917  242.863
62.1278  243.493  62.1278  243.493
349.871  427.811  349.871  427.811
205.484  409.905  205.484  409.905
66.8617  207.53  66.8617  207.53
69.0749  200.519  69.0749  200.519
66.9886  209.313  66.9886  209.313
63.95  242.39  63.95  242.39
67.3205  209.461  67.3205  209.461
121.21  358.818  121.21  358.818
348.322  426.636  348.322  426.636
527.077  345.641  527.077  345.641
526.578  345.925  526.578  345.925
556.666  178.372  556.666  178.372
568.473  264.38  568.473  264.38
568.348  264.598  568.348  264.598
69.0462  208.979  69.0462  208.979
347.876  425.802  347.876  425.802
554.798  176.229  554.798  176.229
554.27  175.419  554.27  175.419
536.88  148.02  536.88  148.02
69.6126  209.379  69.6126  209.379
69.7555  208.932  69.7555  208.932
73.2187  198.122  73.2187  198.122
75.6966  190.841  75.6966  190.841
69.8849  211.473  69.8849  211.473
75.8287  191.565  75.8287  191.565
312.44  425.765  312.44  425.765
322.609  425.598  322.609  425.598
508.878  120.389  508.878  120.389
531.626  144.154  531.626  144.154
550.507  173.644  550.507  173.644
551.122  175.258  551.122  175.258
532.057  146.205  532.057  146.205
550  173.958  550  173.958
549.478  173.147  549.478  173.147
78.5848  190.384  78.5848  190.384
79.4457  188.334  79.4457  188.334
345.934  422.965  345.934  422.965
322.823  423.963  322.823  423.963
322.121  423.932  322.121  423.932
502.227  117.901  502.227  117.901
529.697  145.705  529.697  145.705
529.322  145.531  529.322  145.531
531.354  148.254  531.354  148.254
531.21  148.245  531.21  148.245
529.898  146.747  529.898  146.747
500.414  117.109  500.414  117.109
529.754  147.203  529.754  147.203
322.808  422.459  322.808  422.459
319.367  422.454  319.367  422.454
501.603  119.288  501.603  119.288
315.138  422.07  315.138  422.07
273.643  418.971  273.643  418.971
249.851  414.402  249.851  414.402
249.742  414.295  249.742  414.295
334.288  420.677  334.288  420.677
316.106  420.929  316.106  420.929
497.007  117.415  497.007  117.415
309.593  420.674  309.593  420.674
498.551  119.091  498.551  119.091
553.177  284.041  553.177  284.041
333.022  419.915  333.022  419.915
80.0717  202.883  80.0717  202.883
506.946  127.091  506.946  127.091
80.8831  200.572  80.8831  200.572
76.5497  220.888  76.5497  220.888
330.97  419.672  330.97  419.672
247.189  412.163  247.189  412.163
332.395  419.364  332.395  419.364
551.595  285.848  551.595  285.848
551.617  285.652  551.617  285.652
508.909  349.88  508.909  349.88
499.581  121.751  499.581  121.751
498.751  121.361  498.751  121.361
504.638  352.719  504.638  352.719
164.39  377.923  164.39  377.923
78.5402  218.609  78.5402  218.609
83.4588  198.663  83.4588  198.663
550.129  285.705  550.129  285.705
503.748  127.841  503.748  127.841
165.865  377.341  165.865  377.341
505.566  349.828  505.566  349.828
548.413  286.62  548.413  286.62
506.311  130.992  506.311  130.992
499.299  124.886  499.299  124.886
194.092  390.377  194.092  390.377
497.023  124.77  497.023  124.77
97.0541  303.844  97.0541  303.844
497.639  125.848  497.639  125.848
504.932  132.635  504.932  132.635
198.562  391.7  198.562  391.7
167.921  375.774  167.921  375.774
82.945  220.806  82.945  220.806
498.38  127.561  498.38  127.561
84.8928  213.321  84.8928  213.321
500.561  130.108  500.561  130.108
84.8457  214.476  84.8457  214.476
496.564  127.046  496.564  127.046
503.4  133.587  503.4  133.587
165.734  372.435  165.734  372.435
493.93  125.419  493.93  125.419
495.652  352.015  495.652  352.015
85.6418  220.128  85.6418  220.128
496.382  129.062  496.382  129.062
501.844  134.301  501.844  134.301
492.166  125.724  492.166  125.724
497.785  131.21  497.785  131.21
499.967  133.26  499.967  133.26
506.177  139.403  506.177  139.403
87.3671  217.932  87.3671  217.932
97.9795  184.934  97.9795  184.934
495.048  129.701  495.048  129.701
499.527  134.762  499.527  134.762
495.944  131.438  495.944  131.438
497.053  133.022  497.053  133.022
542.141  276.278  542.141  276.278
97.8329  289.769  97.8329  289.769
494.995  131.882  494.995  131.882
540.947  278.735  540.947  278.735
96.301  284.655  96.301  284.655
490.628  351.268  490.628  351.268
540.522  277.859  540.522  277.859
495.68  133.829  495.68  133.829
490.286  350.243  490.286  350.243
539.162  277.744  539.162  277.744
93.3192  212.107  93.3192  212.107
98.9095  196.852  98.9095  196.852
179.546  372.661  179.546  372.661
179.765  372.601  179.765  372.601
192.375  378.711  192.375  378.711
100.348  197.303  100.348  197.303
178.277  370.781  178.277  370.781
490.434  134.91  490.434  134.91
104.49  192.311  104.49  192.311
190.768  375.448  190.768  375.448
182.633  370.379  182.633  370.379
199.832  379.242  199.832  379.242
199.455  378.869  199.455  378.869
485.878  133.994  485.878  133.994
198.604  377.795  198.604  377.795
187.612  372.155  187.612  372.155
198.139  377.328  198.139  377.328
509.979  319.218  509.979  319.218
180.921  367.884  180.921  367.884
192.576  374.219  192.576  374.219
181.157  367.927  181.157  367.927
485.303  134.82  485.303  134.82
531.973  272.572  531.973  272.572
193.668  374.019  193.668  374.019
98.6558  242.846  98.6558  242.846
98.9512  243.633  98.9512  243.633
98.9625  243.266  98.9625  243.266
99.1239  243.704  99.1239  243.704
99.5761  242.97  99.5761  242.97
99.6334  241.489  99.6334  241.489
99.83  245.594  99.83  245.594
190.723  371.109  190.723  371.109
197.748  374.444  197.748  374.444
530.524  270.689  530.524  270.689
184.545  367.329  184.545  367.329
108.354  197.329  108.354  197.329
100.948  248.201  100.948  248.201
529.968  270.972  529.968  270.972
101.25  248.253  101.25  248.253
189.152  369.279  189.152  369.279
529.548  270.649  529.548  270.649
102.108  244.299  102.108  244.299
102.064  239.876  102.064  239.876
102.185  243.304  102.185  243.304
168.639  354.64  168.639  354.64
235.318  386.91  235.318  386.91
175.701  358.327  175.701  358.327
263.792  393.105  263.792  393.105
254.842  390.956  254.842  390.956
177.624  358.807  177.624  358.807
523.489  201.561  523.489  201.561
524.997  271.375  524.997  271.375
107.766  217.374  107.766  217.374
170.114  352.861  170.114  352.861
175.193  356.133  175.193  356.133
177.745  357.723  177.745  357.723
510.601  176.776  510.601  176.776
510.785  177.245  510.785  177.245
177.686  357.252  177.686  357.252
175.343  355.652  175.343  355.652
170.958  352.281  170.958  352.281
515.85  188.106  515.85  188.106
177.872  356.679  177.872  356.679
178.755  357.058  178.755  357.058
177.683  356.212  177.683  356.212
178.738  356.896  178.738  356.896
178.505  356.399  178.505  356.399
179.018  356.628  179.018  356.628
179.187  356.063  179.187  356.063
176.422  353.797  176.422  353.797
109.654  246.836  109.654  246.836
180.177  355.25  180.177  355.25
173.934  350.902  173.934  350.902
174.551  351.202  174.551  351.202
179.559  354.479  179.559  354.479
192.164  361.297  192.164  361.297
507.476  181.99  507.476  181.99
177.242  350.92  177.242  350.92
514.014  197.878  514.014  197.878
133.639  306.12  133.639  306.12
158.042  334.444  158.042  334.444
132.303  303.324  132.303  303.324
132.143  303.025  132.143  303.025
193.131  359.656  193.131  359.656
134.588  305.821  134.588  305.821
516.448  269.716  516.448  269.716
495.675  168.337  495.675  168.337
115.101  230.069  115.101  230.069
138.123  310.162  138.123  310.162
136.123  306.551  136.123  306.551
126.378  288.972  126.378  288.972
466.435  138.713  466.435  138.713
136.098  306.171  136.098  306.171
134.769  303.963  134.769  303.963
507.814  190.908  507.814  190.908
514.769  269.78  514.769  269.78
136.749  306.057  136.749  306.057
126.053  285.025  126.053  285.025
159.099  331.233  159.099  331.233
513.637  269.54  513.637  269.54
127.628  286.773  127.628  286.773
181.966  348.791  181.966  348.791
118.538  229.476  118.538  229.476
126.148  281.497  126.148  281.497
118.82  229.426  118.82  229.426
286.477  385.737  286.477  385.737
511.467  208.547  511.467  208.547
504.334  190.325  504.334  190.325
141.592  308.669  141.592  308.669
503.503  188.936  503.503  188.936
505.969  196.406  505.969  196.406
142.77  308.377  142.77  308.377
143.087  308.46  143.087  308.46
161.64  329.595  161.64  329.595
148.201  314.814  148.201  314.814
139.916  303.127  139.916  303.127
500.526  186.99  500.526  186.99
143.178  307.493  143.178  307.493
140.418  303.302  140.418  303.302
145.078  309.116  145.078  309.116
510.818  218.859  510.818  218.859
144.738  308.304  144.738  308.304
145.313  309.025  145.313  309.025
144.818  308.149  144.818  308.149
143.897  306.843  143.897  306.843
501.139  191.113  501.139  191.113
145.792  308.129  145.792  308.129
488.543  172.797  488.543  172.797
488.146  172.832  488.146  172.832
499.893  193.964  499.893  193.964
508.101  259.227  508.101  259.227
138.665  292.17  138.665  292.17
507.065  221.55  507.065  221.55
150.538  308.913  150.538  308.913
150.199  307.92  150.199  307.92
139.39  290.577  139.39  290.577
486.247  175.041  486.247  175.041
486.587  175.722  486.587  175.722
183.224  339.863  183.224  339.863
502.494  210.785  502.494  210.785
152.714  308.475  152.714  308.475
484.544  176.165  484.544  176.165
133.367  268.349  133.367  268.349
288.626  377.439  288.626  377.439
483.795  176.813  483.795  176.813
134.005  265.285  134.005  265.285
494.23  282.241  494.23  282.241
134.494  265.623  134.494  265.623
133.97  263.256  133.97  263.256
483.819  300.916  483.819  300.916
134.838  262.812  134.838  262.812
492.095  284.085  492.095  284.085
500.326  256.992  500.326  256.992
136.064  265.447  136.064  265.447
499.933  256.777  499.933  256.777
499.699  256.7  499.699  256.7
499.65  255.774  499.65  255.774
137.148  262.888  137.148  262.888
137.499  263.751  137.499  263.751
498.36  256.245  498.36  256.245
288.974  373.415  288.974  373.415
138.538  264.323  138.538  264.323
497.323  256.195  497.323  256.195
138.365  262.878  138.365  262.878
484.597  290.475  484.597  290.475
493.838  213.816  493.838  213.816
253.92  364.688  253.92  364.688
140.913  264.998  140.913  264.998
470.673  308.808  470.673  308.808
477.247  298.882  477.247  298.882
483.339  288.686  483.339  288.686
478.786  295.865  478.786  295.865
495.098  247.779  495.098  247.779
468.612  309.527  468.612  309.527
468.371  309.464  468.371  309.464
494.585  246.949  494.585  246.949
464.303  166.856  464.303  166.856
488.768  210.139  488.768  210.139
444.385  149.569  444.385  149.569
479.824  288.795  479.824  288.795
319.958  370.181  319.958  370.181
446.453  327.728  446.453  327.728
253.694  360.911  253.694  360.911
444.298  151.136  444.298  151.136
491.22  231.66  491.22  231.66
489.477  219.955  489.477  219.955
445.034  152.095  445.034  152.095
444.736  327.835  444.736  327.835
473.953  292.525  473.953  292.525
488.964  233.499  488.964  233.499
149.009  265.685  149.009  265.685
487.867  231.845  487.867  231.845
486.96  253.111  486.96  253.111
485.723  259.894  485.723  259.894
485.921  258.151  485.921  258.151
486.696  252.944  486.696  252.944
486.379  253.418  486.379  253.418
477.831  280.628  477.831  280.628
231.385  348.735  231.385  348.735
484.81  259.48  484.81  259.48
484.547  260.136  484.547  260.136
478.589  202.218  478.589  202.218
478.923  203.346  478.923  203.346
484.931  254.868  484.931  254.868
484.974  253.811  484.974  253.811
484.52  252.87  484.52  252.87
223.935  343.926  223.935  343.926
445.451  159.199  445.451  159.199
484.287  252.653  484.287  252.653
220.609  341.76  220.609  341.76
440.984  323.615  440.984  323.615
235.171  347.98  235.171  347.98
477.189  274.968  477.189  274.968
227.53  344.466  227.53  344.466
482.844  252.888  482.844  252.888
474.273  198.872  474.273  198.872
228.618  343.85  228.618  343.85
441.775  320.49  441.775  320.49
222.564  340.608  222.564  340.608
474.849  276.33  474.849  276.33
469.988  284.979  469.988  284.979
473.997  275.734  473.997  275.734
223.421  339.249  223.421  339.249
229.996  342.279  229.996  342.279
457.372  178.345  457.372  178.345
432.966  155.641  432.966  155.641
465.097  192.23  465.097  192.23
233.58  342.108  233.58  342.108
233.381  339.873  233.381  339.873
472.905  252.251  472.905  252.251
452.926  183.228  452.926  183.228
453.924  186.553  453.924  186.553
450.571  184.338  450.571  184.338
450.733  184.665  450.733  184.665
426.894  161.42  426.894  161.42
450.393  185.719  450.393  185.719
453.312  190.101  453.312  190.101
450.052  186.141  450.052  186.141
451.853  189.151  451.853  189.151
457.975  280.094  457.975  280.094
451.766  189.55  451.766  189.55
441.092  301.851  441.092  301.851
424.673  316.808  424.673  316.808
425.487  315.867  425.487  315.867
455.601  280.481  455.601  280.481
232.592  329.415  232.592  329.415
443.281  186.555  443.281  186.555
424.893  167.729  424.893  167.729
443.225  187.25  443.225  187.25
423.029  166.986  423.029  166.986
431.036  174.952  431.036  174.952
451.35  266.548  451.35  266.548
424.709  175.11  424.709  175.11
454.755  245.509  454.755  245.509
415.448  311.206  415.448  311.206
425.628  178.126  425.628  178.126
427.647  181.055  427.647  181.055
430.649  295.482  430.649  295.482
427.101  180.865  427.101  180.865
430.055  295.73  430.055  295.73
416.18  308.424  416.18  308.424
435.14  289.019  435.14  289.019
441.078  279.221  441.078  279.221
426.312  181.724  426.312  181.724
424.727  180.895  424.727  180.895
428.365  185.089  428.365  185.089
425.186  182.962  425.186  182.962
434.833  284.742  434.833  284.742
424.987  183.136  424.987  183.136
437.101  280.709  437.101  280.709
425.396  183.981  425.396  183.981
426.384  185.268  426.384  185.268
447.283  227.612  447.283  227.612
440.677  272.637  440.677  272.637
426.209  186.181  426.209  186.181
432.081  285.956  432.081  285.956
430.605  287.671  430.605  287.671
424.783  185.852  424.783  185.852
421.66  182.849  421.66  182.849
424.023  185.438  424.023  185.438
444.077  258.227  444.077  258.227
425.478  187.816  425.478  187.816
425.22  188.155  425.22  188.155
421.279  184.264  421.279  184.264
425.293  189.464  425.293  189.464
422.395  186.566  422.395  186.566
432.924  278.86  432.924  278.86
432.327  278.972  432.327  278.972
442.894  231.896  442.894  231.896
426.642  285.797  426.642  285.797
442.09  230.373  442.09  230.373
441.364  226.274  441.364  226.274
430.769  279.163  430.769  279.163
428.492  282.475  428.492  282.475
429.615  279.537  429.615  279.537
440.376  227.483  440.376  227.483
440.88  230.886  440.88  230.886
419.095  187.024  419.095  187.024
438.969  223.802  438.969  223.802
409.43  301.017  409.43  301.017
439.704  231.579  439.704  231.579
429.169  276.994  429.169  276.994
433.551  268.274  433.551  268.274
438.647  230.379  438.647  230.379
438.421  230.247  438.421  230.247
432.852  268.223  432.852  268.223
419.857  191.219  419.857  191.219
438.209  232.105  438.209  232.105
436.605  229.766  436.605  229.766
432.254  265.457  432.254  265.457
436.446  229.529  436.446  229.529
419.398  193.295  419.398  193.295
412.874  186.258  412.874  186.258
435.741  229.742  435.741  229.742
435.513  229.935  435.513  229.935
435.496  232.262  435.496  232.262
407.235  297.483  407.235  297.483
417.173  192.453  417.173  192.453
412.276  187.183  412.276  187.183
435.252  232.535  435.252  232.535
434.48  230.187  434.48  230.187
428.058  267.773  428.058  267.773
424.234  274.422  424.234  274.422
423.888  274.222  423.888  274.222
422.907  273.102  422.907  273.102
430.439  229.561  430.439  229.561
429.185  232.049  429.185  232.049
420.93  271.718  420.93  271.718
413.855  282.22  413.855  282.22
416.54  278.484  416.54  278.484
210.145  264.231  210.145  264.231
417.166  275.641  417.166  275.641
420.163  270.279  420.163  270.279
415.68  277.248  415.68  277.248
421.715  265.748  421.715  265.748
425.592  230.323  425.592  230.323
418.105  270.834  418.105  270.834
422.082  261.952  422.082  261.952
415.767  274.374  415.767  274.374
416.051  273.554  416.051  273.554
408.379  283.422  408.379  283.422
425.13  242.729  425.13  242.729
424.911  235.967  424.911  235.967
416.357  271.087  416.357  271.087
405.498  285.626  405.498  285.626
423.522  250.683  423.522  250.683
414.203  273.618  414.203  273.618
415.555  271.126  415.555  271.126
423.074  250.772  423.074  250.772
413.154  271.001  413.154  271.001
421.05  247.177  421.05  247.177
404.254  282.664  404.254  282.664
418.613  221.761  418.613  221.761
419.858  249.653  419.858  249.653
403.485  282.218  403.485  282.218
418.98  234.424  418.98  234.424
419.137  238.024  419.137  238.024
418.926  238.361  418.926  238.361
418.33  240.126  418.33  240.126
418.224  237.815  418.224  237.815
415.726  235.334  415.726  235.334
414.571  238.043  414.571  238.043
405.766  269.912  405.766  269.912
411.737  235.34  411.737  235.34
405.04  256.187  405.04  256.187
236.378  241.902  236.378  241.902
237.873  239.356  237.873  239.356
239.156  238.242  239.156  238.242
239.726  237.897  239.726  237.897
240.416  238.831  240.416  238.831
387.956  224.579  387.956  224.579
242.911  235.199  242.911  235.199
243.318  234.553  243.318  234.553
367.459  271.169  367.459  271.169
351.538  278.855  351.538  278.855
378.205  246.711  378.205  246.711
359.796  270.384  359.796  270.384
370.962  256.952  370.962  256.952
374.523  247.218  374.523  247.218
371.686  254.21  371.686  254.21
369.037  252.1  369.037  252.1
366.099  254.18  366.099  254.18
368.969  241.789  368.969  241.789
366.718  245.099  366.718  245.099
364.508  251.948  364.508  251.948
318.728  276.225  318.728  276.225
358.463  258.21  358.463  258.21
360.314  254.988  360.314  254.988
358.04  257.692  358.04  257.692
354.49  261.404  354.49  261.404
332.753  272.922  332.753  272.922
360.885  249.851  360.885  249.851
361.911  244.831  361.911  244.831
323.602  272.313  323.602  272.313
349.208  217.989  349.208  217.989
357.968  245.289  357.968  245.289
331.18  266.41  331.18  266.41
284.089  233.005  284.089  233.005
347.984  236.487  347.984  236.487
288.791  228.821  288.791  228.821
287.02  232.227  287.02  232.227
319.753  263.006  319.753  263.006
288.042  231.723  288.042  231.723
287.878  232.058  287.878  232.058
346.461  235.029  346.461  235.029
287.254  233.96  287.254  233.96
287.696  234.051  287.696  234.051
326.569  260.77  326.569  260.77
287.498  235.223  287.498  235.223
288.097  234.043  288.097  234.043
288.426  233.329  288.426  233.329
334.097  256.911  334.097  256.911
344.254  237.407  344.254  237.407
290.593  236.097  290.593  236.097
291.516  234.778  291.516  234.778
291.916  234.067  291.916  234.067
341.292  239.222  341.292  239.222
340.392  239.494  340.392  239.494
292.809  240.614  292.809  240.614
293.213  240.489  293.213  240.489
294.045  236.703  294.045  236.703
293.734  240.749  293.734  240.749
339.171  240.498  339.171  240.498
339.024  241.575  339.024  241.575
294.546  236.859  294.546  236.859
338.446  237.398  338.446  237.398
127.37  464.435  127.37  464.435
