0 0 480 640
0 0 480 640
0 0 480 640
0 0 480 640
0 0 480 640
0 0 480 640
0 0 480 640
0 0 480 640
0 0 480 640
0 0 480 640
0 0 480 640
0 0 480 640
0 0 480 640
0 0 480 640
0 0 100 100
0 0 200 200
0 0 400 400
0 0 120 120
100 100 40 40
123 54 78 123
454 231 0 0
98 23 23 98
94 34 100 200
0 0 100 100
0 0 200 200
0 0 400 400
0 0 120 120
100 100 40 40
123 54 78 123
454 231 0 0
98 23 23 98
94 34 100 200
0 0 100 100
0 0 200 200
0 0 400 400
0 0 120 120
100 100 40 40
123 54 78 123
454 231 0 0
98 23 23 98
94 34 100 200
0 0 100 100
0 0 200 200
0 0 400 400
0 0 120 120
100 100 40 40
123 54 78 123
454 231 0 0
98 23 23 98
94 34 100 200
0 0 100 100
0 0 200 200
0 0 400 400
0 0 120 120
100 100 40 40
123 54 78 123
454 231 0 0
98 23 23 98
94 34 100 200
0 0 100 100
0 0 200 200
0 0 400 400
0 0 120 120
100 100 40 40
123 54 78 123
454 231 0 0
98 23 23 98
94 34 100 200
0 0 100 100
0 0 200 200
0 0 400 400
0 0 120 120
100 100 40 40
123 54 78 123
454 231 0 0
98 23 23 98
94 34 100 200
0 0 100 100
0 0 200 200
0 0 400 400
0 0 120 120
100 100 40 40
123 54 78 123
454 231 0 0
98 23 23 98
94 34 100 200
0 0 100 100
0 0 200 200
0 0 400 400
0 0 120 120
100 100 40 40
123 54 78 123
454 231 0 0
98 23 23 98
94 34 100 200
0 0 100 100
0 0 200 200
0 0 400 400
0 0 120 120
100 100 40 40
123 54 78 123
454 231 0 0
98 23 23 98
94 34 100 200
0 0 100 100
0 0 200 200
0 0 400 400
0 0 120 120
100 100 40 40
123 54 78 123
454 231 0 0
98 23 23 98
94 34 100 200
0 0 100 100
0 0 200 200
0 0 400 400
0 0 120 120
100 100 40 40
123 54 78 123
454 231 0 0
98 23 23 98
94 34 100 200
0 0 100 100
0 0 200 200
0 0 400 400
0 0 120 120
100 100 40 40
123 54 78 123
454 231 0 0
98 23 23 98
94 34 100 200
0 0 100 100
0 0 200 200
0 0 400 400
0 0 120 120
100 100 40 40
123 54 78 123
454 231 0 0
98 23 23 98
94 34 100 200
