0 628 0 628
0 631 0 639
1 628 1 639
2 628 2 639
3 631 3 639
4 631 4 639
5 632 5 639
6 632 6 639
7 634 7 639
8 634 8 639
9 634 9 639
10 635 10 639
11 636 11 639
12 636 12 639
13 637 13 639
14 638 14 639
15 638 15 639
19 638 19 638
20 158 20 161
20 199 20 199
21 114 21 115
21 158 21 161
22 114 22 115
22 186 22 187
22 196 22 198
22 220 22 220
22 516 22 516
22 526 22 531
22 534 22 550
23 23 23 33
23 115 23 116
23 159 23 160
23 162 23 162
23 194 23 198
23 516 23 516
23 525 23 552
23 588 23 589
23 605 23 605
23 618 23 619
24 23 24 33
24 115 24 116
24 159 24 162
24 194 24 197
24 426 24 426
24 526 24 553
24 586 24 589
24 599 24 622
25 23 25 34
25 116 25 117
25 161 25 162
25 195 25 196
25 271 25 271
25 526 25 553
25 598 25 622
26 23 26 34
26 116 26 118
26 162 26 163
26 173 26 173
26 194 26 195
26 513 26 513
26 518 26 518
26 526 26 555
26 593 26 621
27 23 27 34
27 117 27 119
27 194 27 194
27 518 27 518
27 526 27 555
27 592 27 621
28 23 28 34
28 119 28 119
28 386 28 386
28 518 28 519
28 526 28 556
28 591 28 622
29 23 29 34
29 114 29 114
29 121 29 121
29 160 29 161
29 182 29 182
29 192 29 192
29 527 29 528
29 531 29 557
29 591 29 622
30 23 30 33
30 114 30 114
30 121 30 122
30 159 30 160
30 484 30 484
30 528 30 529
30 531 30 557
30 592 30 593
30 596 30 622
31 23 31 33
31 114 31 114
31 122 31 123
31 159 31 159
31 521 31 522
31 528 31 558
31 595 31 622
32 23 32 33
32 125 32 125
32 157 32 158
32 482 32 482
32 529 32 560
32 591 32 593
32 595 32 622
33 23 33 33
33 123 33 123
33 126 33 126
33 155 33 157
33 482 33 482
33 529 33 560
33 598 33 599
33 601 33 622
34 23 34 33
34 127 34 127
34 151 34 151
34 531 34 561
34 599 34 601
34 603 34 621
35 23 35 33
35 76 35 76
35 79 35 80
35 104 35 112
35 150 35 153
35 533 35 562
35 606 35 621
36 23 36 33
36 75 36 81
36 86 36 89
36 91 36 94
36 99 36 103
36 105 36 106
36 129 36 131
36 145 36 152
36 174 36 174
36 183 36 183
36 190 36 190
36 533 36 536
36 539 36 565
36 606 36 621
37 23 37 33
37 76 37 77
37 80 37 80
37 83 37 83
37 86 37 89
37 91 37 93
37 99 37 99
37 132 37 133
37 139 37 144
37 182 37 183
37 535 37 536
37 540 37 568
37 601 37 602
37 605 37 610
37 612 37 621
38 23 38 33
38 76 38 80
38 84 38 84
38 178 38 182
38 537 38 571
38 613 38 621
39 23 39 33
39 76 39 76
39 178 39 181
39 539 39 572
39 612 39 620
40 23 40 34
40 165 40 168
40 177 40 180
40 541 40 572
40 612 40 621
41 23 41 33
41 103 41 108
41 164 41 165
41 168 41 168
41 177 41 179
41 541 41 571
41 614 41 621
42 23 42 33
42 100 42 105
42 133 42 134
42 162 42 165
42 176 42 178
42 544 42 553
42 558 42 570
42 616 42 621
43 23 43 33
43 96 43 103
43 105 43 105
43 132 43 133
43 159 43 160
43 162 43 162
43 170 43 170
43 175 43 176
43 545 43 549
43 563 43 567
43 616 43 616
43 620 43 620
44 23 44 33
44 96 44 105
44 140 44 141
44 143 44 143
44 155 44 159
44 612 44 613
45 23 45 34
45 99 45 104
45 129 45 130
45 138 45 146
45 148 45 159
46 23 46 33
46 101 46 101
46 127 46 128
46 140 46 152
46 156 46 158
46 169 46 170
47 23 47 33
47 96 47 97
47 99 47 100
47 103 47 106
47 126 47 126
47 140 47 142
47 145 47 153
47 155 47 158
48 23 48 33
48 100 48 100
48 103 48 105
48 142 48 157
48 173 48 173
49 23 49 33
49 97 49 97
49 103 49 104
49 123 49 123
49 144 49 156
50 23 50 34
50 153 50 154
51 23 51 34
52 23 52 34
52 118 52 118
52 157 52 157
53 23 53 33
54 23 54 34
55 22 55 34
56 22 56 33
57 23 57 33
58 22 58 33
59 22 59 34
60 23 60 34
60 394 60 395
61 24 61 34
62 26 62 33
63 27 63 33
64 29 64 34
65 31 65 34
66 32 66 33
66 595 66 607
66 611 66 611
66 614 66 620
67 572 67 573
67 576 67 577
67 579 67 621
68 549 68 549
68 561 68 621
69 559 69 621
70 553 70 621
71 546 71 546
71 548 71 621
72 541 72 622
73 377 73 377
73 536 73 622
74 531 74 622
75 526 75 622
76 521 76 622
77 520 77 622
78 516 78 622
79 511 79 511
79 514 79 622
80 510 80 622
81 507 81 622
82 505 82 622
83 502 83 622
84 500 84 622
85 498 85 622
86 496 86 622
87 493 87 622
88 492 88 510
88 512 88 622
89 490 89 509
89 511 89 622
90 488 90 622
91 486 91 503
91 507 91 622
92 484 92 501
92 503 92 622
93 483 93 499
93 502 93 622
94 481 94 498
94 501 94 622
95 479 95 493
95 495 95 495
95 497 95 497
95 499 95 622
96 478 96 491
96 498 96 622
97 476 97 489
97 497 97 622
98 476 98 482
98 484 98 489
98 496 98 520
98 522 98 622
99 476 99 482
99 485 99 487
99 490 99 519
99 523 99 622
100 473 100 473
100 475 100 484
100 488 100 519
100 522 100 622
101 473 101 484
101 486 101 622
102 473 102 622
103 468 103 468
103 473 103 475
103 479 103 525
103 527 103 622
104 466 104 468
104 473 104 525
104 528 104 622
105 465 105 469
105 475 105 525
105 528 105 622
106 463 106 463
106 465 106 469
106 474 106 525
106 527 106 622
107 462 107 469
107 472 107 524
107 528 107 622
108 457 108 457
108 461 108 525
108 527 108 622
109 460 109 460
109 462 109 463
109 465 109 526
109 528 109 622
110 451 110 451
110 455 110 455
110 460 110 622
111 455 111 457
111 459 111 622
112 455 112 622
113 447 113 447
113 454 113 602
113 604 113 622
114 444 114 446
114 453 114 600
114 603 114 622
115 444 115 445
115 452 115 465
115 467 115 535
115 537 115 599
115 604 115 622
116 443 116 444
116 450 116 462
116 467 116 534
116 537 116 593
116 596 116 599
116 605 116 622
117 442 117 442
117 446 117 447
117 449 117 461
117 467 117 533
117 538 117 593
117 596 117 599
117 605 117 622
118 441 118 443
118 445 118 460
118 466 118 533
118 538 118 561
118 566 118 568
118 573 118 593
118 596 118 599
118 603 118 622
119 440 119 459
119 465 119 532
119 534 119 562
119 566 119 567
119 575 119 593
119 596 119 599
119 603 119 622
120 439 120 448
120 450 120 458
120 462 120 533
120 536 120 566
120 574 120 599
120 602 120 622
121 438 121 447
121 449 121 452
121 455 121 458
121 461 121 526
121 528 121 533
121 536 121 563
121 572 121 595
121 601 121 622
122 438 122 447
122 449 122 452
122 455 122 458
122 460 122 563
122 572 122 594
122 602 122 622
123 436 123 444
123 446 123 451
123 454 123 564
123 566 123 566
123 572 123 593
123 602 123 622
124 435 124 443
124 446 124 446
124 448 124 450
124 453 124 463
124 467 124 566
124 571 124 593
124 602 124 622
125 435 125 443
125 448 125 462
125 466 125 565
125 572 125 592
125 601 125 622
126 433 126 442
126 448 126 448
126 451 126 452
126 454 126 461
126 465 126 566
126 572 126 594
126 601 126 622
127 433 127 436
127 439 127 442
127 448 127 448
127 450 127 567
127 571 127 572
127 574 127 592
127 594 127 595
127 601 127 622
128 432 128 436
128 439 128 442
128 449 128 592
128 594 128 595
128 602 128 603
128 605 128 622
129 431 129 435
129 438 129 442
129 447 129 447
129 449 129 450
129 452 129 594
129 602 129 622
130 431 130 435
130 437 130 442
130 448 130 449
130 454 130 578
130 586 130 596
130 601 130 622
131 428 131 434
131 436 131 442
131 446 131 448
131 450 131 451
131 454 131 539
131 548 131 583
131 585 131 596
131 600 131 622
132 428 132 442
132 446 132 447
132 453 132 537
132 545 132 545
132 547 132 547
132 550 132 563
132 567 132 567
132 572 132 597
132 599 132 622
133 428 133 442
133 446 133 446
133 454 133 536
133 540 133 540
133 545 133 562
133 572 133 572
133 575 133 597
133 599 133 622
134 428 134 431
134 434 134 442
134 454 134 524
134 527 134 561
134 564 134 565
134 572 134 572
134 575 134 622
135 427 135 429
135 432 135 442
135 454 135 524
135 527 135 561
135 563 135 565
135 575 135 597
135 599 135 622
136 424 136 424
136 426 136 444
136 454 136 522
136 524 136 524
136 528 136 561
136 563 136 564
136 574 136 575
136 577 136 596
136 599 136 622
137 423 137 444
137 448 137 450
137 455 137 519
137 531 137 553
137 556 137 556
137 558 137 561
137 564 137 564
137 566 137 567
137 571 137 574
137 576 137 576
137 578 137 595
137 599 137 622
138 423 138 444
138 448 138 450
138 455 138 519
138 532 138 554
138 558 138 561
138 564 138 574
138 576 138 594
138 599 138 622
139 423 139 444
139 448 139 450
139 453 139 517
139 520 139 520
139 532 139 533
139 545 139 554
139 557 139 558
139 563 139 593
139 596 139 596
139 598 139 622
140 422 140 444
140 448 140 515
140 546 140 549
140 553 140 554
140 558 140 560
140 563 140 592
140 595 140 595
140 598 140 622
141 421 141 444
141 447 141 515
141 546 141 554
141 558 141 560
141 562 141 563
141 565 141 573
141 576 141 595
141 598 141 622
142 420 142 445
142 447 142 449
142 452 142 457
142 459 142 515
142 517 142 517
142 547 142 555
142 557 142 595
142 598 142 622
143 419 143 423
143 426 143 445
143 447 143 448
143 451 143 457
143 460 143 515
143 517 143 517
143 522 143 522
143 547 143 548
143 551 143 622
144 418 144 423
144 425 144 445
144 447 144 456
144 459 144 460
144 462 144 514
144 516 144 517
144 551 144 558
144 560 144 622
145 417 145 445
145 447 145 457
145 459 145 521
145 549 145 556
145 558 145 593
145 597 145 622
146 416 146 457
146 459 146 522
146 548 146 594
146 597 146 622
147 417 147 423
147 425 147 455
147 459 147 520
147 548 147 622
148 417 148 447
148 449 148 455
148 459 148 520
148 550 148 622
149 415 149 452
149 454 149 455
149 459 149 519
149 549 149 622
150 415 150 448
150 450 150 452
150 454 150 455
150 458 150 518
150 549 150 622
151 416 151 448
151 450 151 451
151 455 151 518
151 547 151 622
152 415 152 448
152 450 152 451
152 457 152 517
152 547 152 622
153 415 153 448
153 450 153 450
153 453 153 454
153 459 153 494
153 496 153 515
153 546 153 547
153 549 153 622
154 414 154 448
154 451 154 452
154 454 154 456
154 459 154 491
154 493 154 493
154 495 154 514
154 547 154 571
154 575 154 622
155 412 155 448
155 451 155 451
155 454 155 461
155 464 155 465
155 469 155 473
155 478 155 513
155 547 155 570
155 578 155 622
156 411 156 411
156 413 156 426
156 428 156 435
156 439 156 448
156 451 156 451
156 453 156 461
156 468 156 472
156 480 156 511
156 513 156 513
156 545 156 569
156 578 156 621
157 412 157 425
157 429 157 435
157 440 157 448
157 452 157 460
157 463 157 464
157 466 157 471
157 481 157 510
157 543 157 569
157 579 157 621
158 411 158 424
158 428 158 435
158 438 158 438
158 440 158 449
158 452 158 470
158 481 158 510
158 542 158 568
158 579 158 621
159 407 159 408
159 411 159 424
159 429 159 435
159 438 159 448
159 451 159 471
159 478 159 478
159 481 159 482
159 486 159 510
159 542 159 543
159 546 159 568
159 579 159 621
160 91 160 92
160 406 160 406
160 411 160 424
160 429 160 437
160 439 160 466
160 468 160 468
160 470 160 470
160 477 160 478
160 481 160 481
160 485 160 510
160 543 160 566
160 581 160 621
161 76 161 77
161 87 161 92
161 411 161 424
161 428 161 428
161 430 161 437
161 439 161 466
161 470 161 470
161 477 161 477
161 481 161 481
161 485 161 509
161 535 161 535
161 539 161 566
161 570 161 571
161 581 161 621
162 23 162 30
162 32 162 35
162 38 162 41
162 44 162 46
162 77 162 78
162 87 162 88
162 411 162 424
162 428 162 428
162 430 162 463
162 476 162 477
162 481 162 481
162 484 162 509
162 538 162 565
162 570 162 571
162 581 162 621
163 23 163 30
163 32 163 50
163 59 163 60
163 87 163 88
163 91 163 91
163 409 163 424
163 427 163 436
163 440 163 461
163 476 163 478
163 484 163 508
163 543 163 544
163 547 163 565
163 568 163 569
163 580 163 621
164 23 164 30
164 33 164 38
164 40 164 69
164 71 164 72
164 78 164 78
164 86 164 90
164 92 164 95
164 408 164 425
164 427 164 436
164 439 164 461
164 475 164 478
164 482 164 482
164 484 164 508
164 540 164 544
164 546 164 565
164 567 164 571
164 576 164 621
165 23 165 38
165 41 165 69
165 71 165 73
165 75 165 77
165 81 165 83
165 85 165 95
165 409 165 426
165 428 165 433
165 435 165 436
165 440 165 460
165 471 165 471
165 475 165 509
165 540 165 564
165 567 165 568
165 570 165 621
166 23 166 34
166 36 166 69
166 71 166 78
166 86 166 86
166 91 166 91
166 95 166 96
166 408 166 436
166 441 166 460
166 475 166 503
166 540 166 621
167 23 167 34
167 36 167 39
167 42 167 73
167 75 167 81
167 94 167 96
167 408 167 427
167 430 167 435
167 441 167 451
167 454 167 459
167 475 167 501
167 540 167 566
167 568 167 621
168 23 168 82
168 84 168 85
168 94 168 96
168 404 168 404
168 407 168 436
168 440 168 449
168 454 168 459
168 468 168 470
168 474 168 501
168 540 168 566
168 568 168 621
169 23 169 87
169 96 169 96
169 407 169 417
169 420 169 436
169 439 169 448
169 454 169 459
169 468 169 471
169 473 169 501
169 539 169 621
170 23 170 40
170 43 170 90
170 96 170 96
170 403 170 403
170 408 170 414
170 416 170 437
170 439 170 448
170 454 170 458
170 468 170 500
170 539 170 621
171 23 171 31
171 33 171 90
171 97 171 97
171 403 171 404
171 407 171 437
171 439 171 447
171 456 171 458
171 468 171 500
171 539 171 621
172 23 172 36
172 38 172 39
172 41 172 55
172 58 172 58
172 61 172 63
172 65 172 91
172 94 172 94
172 99 172 99
172 401 172 403
172 406 172 417
172 419 172 447
172 449 172 450
172 456 172 457
172 462 172 462
172 464 172 499
172 539 172 621
173 23 173 58
173 60 173 62
173 65 173 73
173 75 173 77
173 79 173 92
173 94 173 97
173 406 173 432
173 434 173 444
173 448 173 448
173 464 173 499
173 537 173 621
174 23 174 57
174 59 174 93
174 95 174 101
174 398 174 398
174 404 174 415
174 417 174 442
174 447 174 447
174 457 174 457
174 465 174 499
174 538 174 621
175 23 175 55
175 58 175 59
175 62 175 63
175 65 175 103
175 398 175 399
175 404 175 414
175 417 175 440
175 467 175 499
175 537 175 621
176 23 176 56
176 61 176 63
176 66 176 93
176 95 176 95
176 99 176 104
176 398 176 398
176 405 176 414
176 416 176 438
176 468 176 477
176 479 176 499
176 537 176 621
177 23 177 61
177 65 177 74
177 77 177 78
177 82 177 96
177 98 177 99
177 101 177 101
177 103 177 106
177 397 177 398
177 403 177 414
177 416 177 437
177 462 177 477
177 481 177 498
177 538 177 538
177 540 177 621
178 23 178 56
178 58 178 73
178 75 178 100
178 103 178 108
178 396 178 399
178 401 178 412
178 414 178 436
178 443 178 443
178 463 178 478
178 481 178 499
178 537 178 621
179 23 179 64
179 66 179 70
179 75 179 100
179 105 179 111
179 396 179 436
179 463 179 498
179 536 179 621
180 23 180 51
180 53 180 69
180 72 180 75
180 77 180 100
180 108 180 114
180 396 180 404
180 406 180 408
180 410 180 436
180 464 180 469
180 473 180 497
180 537 180 621
181 23 181 58
181 60 181 72
181 74 181 75
181 77 181 101
181 113 181 116
181 396 181 407
181 409 181 436
181 442 181 442
181 466 181 468
181 473 181 496
181 536 181 621
182 23 182 102
182 105 182 107
182 115 182 118
182 395 182 435
182 441 182 442
182 468 182 469
182 473 182 474
182 476 182 495
182 536 182 621
183 23 183 62
183 65 183 109
183 117 183 118
183 395 183 409
183 411 183 436
183 440 183 441
183 477 183 495
183 536 183 621
184 23 184 60
184 64 184 110
184 117 184 118
184 394 184 408
184 411 184 437
184 439 184 440
184 480 184 481
184 486 184 490
184 494 184 494
184 536 184 621
185 23 185 60
185 63 185 112
185 114 185 115
185 117 185 119
185 394 185 407
185 410 185 440
185 487 185 487
185 537 185 621
186 23 186 30
186 32 186 60
186 62 186 63
186 65 186 107
186 110 186 119
186 394 186 407
186 410 186 439
186 536 186 579
186 581 186 621
187 23 187 62
187 65 187 85
187 88 187 107
187 111 187 116
187 118 187 126
187 393 187 406
187 410 187 438
187 536 187 621
188 23 188 52
188 55 188 85
188 87 188 107
188 112 188 114
188 118 188 123
188 126 188 127
188 393 188 405
188 410 188 437
188 536 188 621
189 23 189 38
189 40 189 59
189 62 189 64
189 66 189 84
189 87 189 108
189 118 189 120
189 122 189 124
189 393 189 402
189 407 189 436
189 538 189 621
190 23 190 58
190 60 190 64
190 66 190 80
190 86 190 87
190 90 190 108
190 120 190 124
190 392 190 396
190 398 190 432
190 541 190 541
190 544 190 544
190 547 190 567
190 584 190 621
191 23 191 24
191 26 191 38
191 43 191 79
191 85 191 87
191 89 191 109
191 113 191 114
191 118 191 123
191 130 191 130
191 392 191 403
191 406 191 429
191 535 191 536
191 539 191 541
191 546 191 549
191 551 191 553
191 556 191 562
191 586 191 621
192 23 192 28
192 30 192 34
192 36 192 36
192 41 192 74
192 77 192 79
192 84 192 86
192 88 192 110
192 114 192 114
192 119 192 119
192 123 192 124
192 130 192 130
192 392 192 403
192 406 192 427
192 535 192 535
192 538 192 558
192 568 192 582
192 589 192 621
193 23 193 29
193 32 193 34
193 38 193 38
193 41 193 73
193 81 193 85
193 87 193 96
193 102 193 112
193 115 193 116
193 118 193 118
193 121 193 124
193 133 193 133
193 391 193 403
193 405 193 425
193 536 193 540
193 542 193 550
193 552 193 555
193 560 193 560
193 562 193 564
193 567 193 586
193 588 193 588
193 591 193 621
194 23 194 37
194 41 194 42
194 45 194 72
194 76 194 84
194 87 194 95
194 104 194 111
194 116 194 119
194 122 194 127
194 132 194 133
194 392 194 401
194 406 194 423
194 558 194 589
194 593 194 621
195 30 195 38
195 42 195 72
195 76 195 93
195 104 195 111
195 113 195 113
195 117 195 119
195 122 195 126
195 130 195 130
195 132 195 133
195 392 195 401
195 407 195 421
195 556 195 592
195 595 195 620
196 27 196 31
196 34 196 35
196 38 196 73
196 75 196 92
196 105 196 115
196 117 196 119
196 121 196 122
196 124 196 126
196 128 196 134
196 391 196 401
196 405 196 419
196 455 196 456
196 545 196 548
196 551 196 552
196 556 196 561
196 563 196 620
197 37 197 39
197 43 197 56
197 58 197 91
197 104 197 112
197 114 197 116
197 119 197 121
197 123 197 123
197 127 197 128
197 131 197 132
197 134 197 134
197 390 197 399
197 405 197 405
197 407 197 417
197 456 197 457
197 539 197 540
197 542 197 621
198 33 198 33
198 45 198 55
198 58 198 75
198 77 198 89
198 104 198 113
198 115 198 116
198 119 198 119
198 122 198 123
198 127 198 127
198 130 198 130
198 134 198 134
198 390 198 399
198 406 198 415
198 456 198 458
198 542 198 542
198 544 198 621
199 41 199 42
199 45 199 45
199 48 199 52
199 56 199 69
199 72 199 74
199 77 199 77
199 79 199 88
199 104 199 113
199 116 199 117
199 121 199 123
199 127 199 127
199 130 199 130
199 132 199 134
199 390 199 399
199 406 199 414
199 457 199 460
199 543 199 548
199 551 199 621
200 41 200 42
200 45 200 45
200 50 200 53
200 55 200 70
200 72 200 74
200 79 200 80
200 82 200 87
200 102 200 114
200 116 200 117
200 120 200 123
200 126 200 131
200 133 200 135
200 390 200 399
200 406 200 412
200 445 200 448
200 457 200 465
200 543 200 544
200 547 200 548
200 551 200 621
201 45 201 46
201 49 201 74
201 78 201 86
201 100 201 117
201 120 201 131
201 134 201 134
201 390 201 399
201 405 201 411
201 440 201 441
201 443 201 449
201 459 201 466
201 543 201 543
201 548 201 556
201 558 201 620
202 49 202 50
202 53 202 74
202 77 202 86
202 101 202 116
202 122 202 126
202 129 202 130
202 133 202 133
202 390 202 399
202 404 202 410
202 441 202 450
202 461 202 467
202 541 202 544
202 546 202 555
202 559 202 620
203 53 203 74
203 77 203 80
203 84 203 85
203 101 203 117
203 122 203 124
203 126 203 126
203 130 203 130
203 139 203 139
203 390 203 399
203 404 203 409
203 440 203 452
203 462 203 469
203 541 203 542
203 544 203 552
203 559 203 620
204 44 204 45
204 54 204 74
204 77 204 80
204 99 204 116
204 118 204 126
204 129 204 130
204 138 204 139
204 142 204 143
204 389 204 399
204 403 204 408
204 438 204 454
204 458 204 460
204 464 204 469
204 541 204 541
204 546 204 551
204 555 204 556
204 560 204 564
204 566 204 619
205 55 205 74
205 77 205 80
205 97 205 115
205 118 205 128
205 130 205 133
205 135 205 143
205 388 205 399
205 403 205 408
205 436 205 455
205 459 205 462
205 467 205 470
205 542 205 542
205 545 205 550
205 555 205 556
205 560 205 564
205 566 205 617
206 54 206 74
206 78 206 80
206 97 206 99
206 103 206 115
206 118 206 121
206 123 206 126
206 129 206 133
206 136 206 137
206 139 206 144
206 389 206 399
206 402 206 406
206 436 206 457
206 460 206 470
206 542 206 548
206 554 206 556
206 559 206 616
207 57 207 57
207 59 207 75
207 77 207 78
207 103 207 106
207 109 207 116
207 118 207 121
207 124 207 126
207 131 207 133
207 138 207 145
207 388 207 393
207 395 207 403
207 430 207 431
207 434 207 459
207 461 207 470
207 543 207 547
207 553 207 556
207 558 207 561
207 563 207 581
207 584 207 615
208 60 208 75
208 102 208 106
208 110 208 121
208 123 208 124
208 130 208 133
208 139 208 145
208 429 208 459
208 462 208 470
208 545 208 545
208 550 208 555
208 557 208 561
208 563 208 569
208 571 208 580
208 587 208 615
209 55 209 55
209 59 209 76
209 80 209 81
209 98 209 98
209 102 209 105
209 110 209 126
209 129 209 134
209 139 209 146
209 426 209 471
209 548 209 554
209 556 209 584
209 589 209 614
210 59 210 74
210 77 210 77
210 80 210 81
210 98 210 99
210 101 210 104
210 109 210 113
210 116 210 119
210 122 210 124
210 129 210 133
210 137 210 146
210 425 210 461
210 464 210 471
210 546 210 615
211 60 211 74
211 80 211 80
211 99 211 101
211 104 211 104
211 110 211 127
211 129 211 135
211 137 211 147
211 420 211 462
211 465 211 471
211 541 211 542
211 545 211 551
211 554 211 613
212 60 212 73
212 79 212 80
212 100 212 101
212 110 212 128
212 130 212 136
212 138 212 147
212 419 212 462
212 469 212 472
212 542 212 542
212 545 212 551
212 554 212 585
212 587 212 613
213 60 213 73
213 100 213 101
213 110 213 113
213 115 213 124
213 126 213 128
213 130 213 131
213 136 213 147
213 416 213 465
213 471 213 473
213 542 213 542
213 544 213 546
213 550 213 581
213 584 213 584
213 587 213 588
213 590 213 613
214 62 214 72
214 100 214 101
214 111 214 111
214 113 214 113
214 115 214 126
214 131 214 132
214 135 214 138
214 140 214 146
214 416 214 452
214 454 214 467
214 472 214 474
214 539 214 546
214 550 214 581
214 590 214 614
215 61 215 72
215 100 215 100
215 103 215 104
215 111 215 112
215 114 215 126
215 131 215 147
215 414 215 451
215 454 215 468
215 472 215 475
215 539 215 540
215 543 215 543
215 545 215 545
215 550 215 581
215 591 215 615
216 61 216 71
216 100 216 104
216 111 216 112
216 114 216 116
216 118 216 120
216 122 216 124
216 126 216 148
216 412 216 446
216 450 216 451
216 454 216 476
216 539 216 539
216 548 216 560
216 562 216 579
216 581 216 581
216 593 216 594
216 596 216 616
217 62 217 71
217 101 217 101
217 103 217 103
217 112 217 116
217 118 217 122
217 124 217 128
217 130 217 149
217 410 217 446
217 450 217 451
217 454 217 476
217 534 217 534
217 539 217 540
217 546 217 580
217 594 217 594
217 598 217 618
218 62 218 70
218 106 218 109
218 112 218 128
218 130 218 149
218 410 218 444
218 447 218 447
218 449 218 451
218 453 218 477
218 546 218 580
218 598 218 605
218 608 218 619
219 62 219 70
219 106 219 110
219 112 219 128
219 130 219 149
219 283 219 283
219 411 219 444
219 449 219 477
219 534 219 535
219 543 219 580
219 585 219 585
219 597 219 597
219 599 219 600
219 604 219 606
219 608 219 613
219 615 219 620
220 62 220 69
220 108 220 114
220 116 220 120
220 123 220 123
220 126 220 148
220 284 220 284
220 411 220 444
220 448 220 478
220 541 220 541
220 543 220 550
220 557 220 560
220 563 220 580
220 607 220 608
220 611 220 613
221 63 221 69
221 100 221 102
221 108 221 113
221 115 221 119
221 128 221 128
221 131 221 150
221 285 221 286
221 411 221 444
221 446 221 446
221 448 221 457
221 459 221 482
221 540 221 546
221 559 221 561
221 564 221 578
222 62 222 69
222 100 222 105
222 108 222 110
222 114 222 120
222 126 222 132
222 134 222 146
222 148 222 151
222 252 222 252
222 254 222 255
222 286 222 289
222 411 222 444
222 447 222 457
222 459 222 467
222 469 222 471
222 473 222 484
222 540 222 544
222 560 222 561
222 564 222 578
223 63 223 69
223 100 223 100
223 104 223 110
223 114 223 120
223 126 223 147
223 150 223 151
223 248 223 249
223 254 223 257
223 289 223 291
223 410 223 448
223 452 223 469
223 471 223 485
223 538 223 543
223 561 223 562
223 564 223 571
223 573 223 580
224 64 224 69
224 105 224 110
224 114 224 114
224 116 224 121
224 124 224 146
224 148 224 148
224 152 224 153
224 248 224 248
224 255 224 257
224 291 224 293
224 409 224 444
224 452 224 476
224 478 224 478
224 480 224 480
224 482 224 487
224 537 224 541
224 566 224 574
224 576 224 580
225 65 225 66
225 106 225 109
225 115 225 147
225 151 225 152
225 246 225 247
225 252 225 258
225 273 225 276
225 294 225 294
225 408 225 444
225 451 225 460
225 463 225 468
225 484 225 488
225 534 225 534
225 537 225 540
225 561 225 561
225 569 225 580
226 65 226 66
226 101 226 109
226 114 226 119
226 123 226 128
226 130 226 132
226 134 226 148
226 245 226 246
226 251 226 252
226 254 226 258
226 273 226 275
226 294 226 295
226 408 226 444
226 453 226 461
226 467 226 469
226 486 226 489
226 533 226 539
226 570 226 572
226 575 226 576
226 578 226 579
227 37 227 37
227 101 227 108
227 112 227 121
227 123 227 128
227 130 227 148
227 150 227 152
227 245 227 252
227 255 227 258
227 273 227 275
227 277 227 286
227 295 227 296
227 404 227 445
227 452 227 461
227 463 227 463
227 467 227 468
227 476 227 477
227 488 227 489
227 532 227 539
227 569 227 572
227 574 227 581
228 27 228 27
228 34 228 34
228 41 228 41
228 46 228 46
228 92 228 94
228 103 228 108
228 113 228 115
228 117 228 118
228 121 228 123
228 126 228 156
228 243 228 258
228 273 228 291
228 295 228 296
228 347 228 347
228 401 228 444
228 446 228 447
228 449 228 449
228 451 228 459
228 464 228 469
228 489 228 490
228 533 228 537
228 542 228 542
228 567 228 567
228 570 228 570
228 572 228 572
228 575 228 582
228 609 228 609
229 28 229 28
229 33 229 36
229 43 229 44
229 66 229 66
229 91 229 95
229 104 229 107
229 109 229 110
229 114 229 119
229 122 229 123
229 126 229 129
229 131 229 156
229 243 229 256
229 274 229 292
229 296 229 297
229 344 229 348
229 400 229 448
229 450 229 460
229 462 229 468
229 527 229 527
229 532 229 536
229 572 229 572
229 576 229 583
229 602 229 602
229 609 229 609
230 28 230 29
230 31 230 31
230 38 230 39
230 43 230 44
230 62 230 63
230 66 230 67
230 93 230 98
230 104 230 107
230 109 230 111
230 113 230 120
230 126 230 127
230 131 230 132
230 138 230 156
230 242 230 254
230 275 230 276
230 279 230 293
230 297 230 298
230 344 230 348
230 400 230 448
230 451 230 457
230 459 230 460
230 462 230 462
230 467 230 467
230 531 230 535
230 575 230 578
230 580 230 583
231 24 231 24
231 27 231 32
231 37 231 38
231 41 231 43
231 45 231 45
231 62 231 63
231 66 231 66
231 92 231 99
231 104 231 121
231 125 231 128
231 130 231 135
231 137 231 138
231 140 231 159
231 241 231 253
231 275 231 277
231 280 231 294
231 298 231 299
231 315 231 315
231 328 231 331
231 344 231 350
231 357 231 357
231 362 231 362
231 398 231 444
231 446 231 460
231 529 231 534
231 574 231 583
231 608 231 608
232 24 232 24
232 27 232 52
232 54 232 56
232 58 232 58
232 61 232 63
232 66 232 66
232 68 232 68
232 92 232 100
232 103 232 116
232 118 232 121
232 123 232 129
232 133 232 142
232 144 232 159
232 241 232 252
232 276 232 278
232 280 232 296
232 298 232 299
232 313 232 320
232 328 232 330
232 343 232 351
232 353 232 355
232 362 232 362
232 372 232 372
232 375 232 375
232 394 232 461
232 463 232 463
232 465 232 466
232 528 232 533
232 574 232 583
232 608 232 608
232 616 232 616
233 24 233 24
233 26 233 68
233 92 233 120
233 123 233 127
233 135 233 142
233 144 233 161
233 240 233 251
233 267 233 267
233 278 233 283
233 285 233 293
233 296 233 296
233 299 233 299
233 308 233 321
233 329 233 329
233 343 233 360
233 373 233 375
233 390 233 463
233 466 233 466
233 527 233 532
233 576 233 584
233 612 233 614
234 24 234 24
234 26 234 50
234 52 234 52
234 60 234 66
234 68 234 68
234 92 234 109
234 111 234 120
234 125 234 125
234 142 234 161
234 239 234 250
234 279 234 284
234 286 234 294
234 297 234 297
234 299 234 300
234 306 234 311
234 320 234 321
234 343 234 363
234 368 234 370
234 372 234 379
234 386 234 464
234 466 234 466
234 526 234 532
234 581 234 581
234 583 234 584
234 613 234 615
235 24 235 27
235 30 235 48
235 64 235 64
235 92 235 105
235 107 235 110
235 112 235 115
235 124 235 125
235 128 235 128
235 144 235 156
235 158 235 158
235 160 235 161
235 163 235 163
235 238 235 250
235 281 235 284
235 287 235 294
235 298 235 301
235 324 235 328
235 335 235 336
235 341 235 367
235 369 235 378
235 386 235 462
235 466 235 466
235 524 235 530
235 589 235 589
236 25 236 44
236 63 236 64
236 67 236 68
236 92 236 115
236 122 236 122
236 126 236 126
236 145 236 159
236 161 236 161
236 163 236 164
236 234 236 235
236 237 236 249
236 283 236 284
236 288 236 294
236 298 236 301
236 324 236 327
236 333 236 468
236 523 236 530
237 26 237 39
237 64 237 64
237 66 237 67
237 92 237 102
237 104 237 106
237 108 237 113
237 146 237 159
237 164 237 164
237 233 237 248
237 283 237 284
237 288 237 295
237 324 237 325
237 332 237 352
237 356 237 465
237 467 237 468
237 518 237 518
237 522 237 530
237 596 237 596
238 24 238 36
238 63 238 63
238 66 238 67
238 91 238 101
238 105 238 110
238 149 238 160
238 163 238 163
238 231 238 247
238 282 238 285
238 289 238 295
238 331 238 350
238 362 238 466
238 468 238 468
238 509 238 509
238 512 238 512
238 521 238 523
238 525 238 528
239 24 239 34
239 63 239 67
239 90 239 104
239 106 239 110
239 113 239 115
239 150 239 158
239 231 239 246
239 281 239 282
239 284 239 285
239 289 239 295
239 329 239 349
239 367 239 368
239 384 239 396
239 398 239 469
239 513 239 513
239 519 239 524
239 528 239 528
240 24 240 32
240 59 240 66
240 89 240 107
240 109 240 115
240 151 240 155
240 229 240 245
240 279 240 282
240 285 240 286
240 290 240 295
240 328 240 331
240 334 240 348
240 386 240 386
240 389 240 394
240 397 240 469
240 497 240 499
240 514 240 524
240 526 240 526
240 528 240 528
240 578 240 586
241 24 241 31
241 57 241 65
241 88 241 110
241 113 241 114
241 152 241 153
241 228 241 243
241 280 241 282
241 285 241 285
241 290 241 295
241 327 241 330
241 335 241 336
241 338 241 346
241 385 241 387
241 391 241 393
241 395 241 469
241 476 241 476
241 498 241 501
241 513 241 520
241 524 241 525
241 528 241 528
241 575 241 588
242 24 242 30
242 57 242 64
242 88 242 113
242 227 242 242
242 280 242 280
242 282 242 285
242 290 242 296
242 327 242 328
242 330 242 331
242 336 242 337
242 341 242 345
242 387 242 388
242 390 242 468
242 472 242 476
242 479 242 482
242 498 242 502
242 511 242 517
242 520 242 521
242 571 242 592
243 24 243 29
243 57 243 64
243 88 243 113
243 191 243 191
243 227 243 241
243 291 243 292
243 294 243 296
243 326 243 327
243 330 243 332
243 337 243 337
243 342 243 344
243 388 243 478
243 480 243 483
243 498 243 504
243 508 243 514
243 516 243 516
243 520 243 521
243 569 243 577
243 580 243 595
244 24 244 28
244 57 244 65
244 88 244 113
244 191 244 192
244 225 244 225
244 227 244 239
244 324 244 326
244 330 244 335
244 338 244 341
244 385 244 386
244 389 244 484
244 499 244 516
244 568 244 572
244 574 244 574
244 583 244 584
244 586 244 599
245 24 245 27
245 58 245 64
245 87 245 113
245 188 245 188
245 190 245 190
245 192 245 198
245 225 245 238
245 322 245 325
245 329 245 331
245 333 245 340
245 385 245 386
245 388 245 488
245 500 245 517
245 564 245 566
245 568 245 571
245 583 245 584
245 586 245 604
246 24 246 27
246 59 246 63
246 87 246 113
246 190 246 190
246 193 246 195
246 226 246 236
246 323 246 324
246 327 246 330
246 334 246 336
246 388 246 488
246 498 246 498
246 501 246 519
246 560 246 560
246 563 246 570
246 592 246 592
246 595 246 611
247 24 247 26
247 59 247 62
247 86 247 113
247 190 247 190
247 193 247 195
247 227 247 234
247 323 247 324
247 327 247 329
247 334 247 336
247 389 247 486
247 494 247 494
247 502 247 514
247 517 247 519
247 558 247 558
247 560 247 567
247 603 247 619
248 24 248 26
248 60 248 60
248 81 248 82
248 85 248 112
248 138 248 138
248 194 248 195
248 227 248 233
248 323 248 324
248 327 248 328
248 332 248 335
248 385 248 386
248 389 248 488
248 503 248 514
248 517 248 519
248 553 248 553
248 555 248 555
248 560 248 564
248 604 248 620
249 24 249 26
249 81 249 82
249 84 249 112
249 135 249 137
249 194 249 195
249 225 249 232
249 322 249 324
249 327 249 328
249 332 249 335
249 386 249 493
249 506 249 514
249 516 249 519
249 551 249 554
249 558 249 563
249 604 249 620
250 24 250 25
250 81 250 112
250 134 250 136
250 193 250 195
250 221 250 231
250 322 250 324
250 327 250 328
250 332 250 335
250 386 250 494
250 505 250 517
250 551 250 554
250 556 250 562
250 604 250 619
251 24 251 25
251 81 251 112
251 133 251 135
251 190 251 190
251 193 251 196
251 218 251 219
251 222 251 230
251 322 251 323
251 326 251 327
251 332 251 332
251 334 251 335
251 386 251 490
251 506 251 507
251 509 251 517
251 551 251 560
251 608 251 609
251 611 251 616
252 24 252 24
252 81 252 82
252 85 252 101
252 105 252 108
252 110 252 110
252 133 252 134
252 190 252 190
252 193 252 196
252 213 252 215
252 218 252 220
252 222 252 228
252 323 252 323
252 326 252 327
252 335 252 335
252 387 252 491
252 509 252 517
252 551 252 558
253 24 253 24
253 82 253 82
253 84 253 100
253 106 253 107
253 132 253 135
253 184 253 184
253 186 253 187
253 189 253 196
253 210 253 227
253 323 253 323
253 326 253 327
253 335 253 335
253 386 253 491
253 509 253 518
253 549 253 557
254 24 254 24
254 80 254 83
254 86 254 100
254 131 254 135
254 143 254 145
254 148 254 152
254 179 254 195
254 210 254 226
254 323 254 323
254 326 254 327
254 386 254 492
254 509 254 512
254 514 254 518
254 524 254 524
254 528 254 528
254 548 254 556
255 24 255 25
255 80 255 84
255 87 255 95
255 101 255 101
255 130 255 136
255 142 255 142
255 144 255 146
255 148 255 153
255 180 255 195
255 209 255 225
255 323 255 324
255 326 255 326
255 385 255 388
255 391 255 492
255 510 255 512
255 515 255 521
255 524 255 533
255 548 255 554
255 614 255 620
256 24 256 24
256 81 256 81
256 89 256 92
256 129 256 147
256 149 256 153
256 156 256 156
256 161 256 161
256 171 256 171
256 174 256 175
256 180 256 197
256 208 256 223
256 322 256 326
256 385 256 387
256 391 256 493
256 511 256 511
256 514 256 520
256 522 256 529
256 531 256 533
256 546 256 553
256 609 256 617
257 24 257 24
257 90 257 91
257 129 257 163
257 168 257 169
257 171 257 175
257 179 257 198
257 201 257 222
257 388 257 389
257 392 257 494
257 516 257 531
257 545 257 552
257 607 257 610
258 24 258 24
258 81 258 82
258 130 258 164
258 167 258 220
258 387 258 495
258 501 258 502
258 510 258 510
258 516 258 517
258 520 258 531
258 545 258 551
258 606 258 607
259 24 259 24
259 80 259 82
259 128 259 219
259 386 259 496
259 500 259 500
259 510 259 510
259 516 259 517
259 522 259 531
259 544 259 551
259 606 259 606
260 80 260 81
260 130 260 145
260 147 260 208
260 218 260 219
260 386 260 389
260 391 260 499
260 501 260 501
260 510 260 510
260 516 260 517
260 523 260 531
260 542 260 549
261 129 261 206
261 386 261 388
261 391 261 503
261 506 261 506
261 508 261 508
261 510 261 510
261 516 261 516
261 523 261 529
261 542 261 549
261 604 261 604
262 127 262 143
262 145 262 204
262 386 262 386
262 388 262 510
262 513 262 513
262 515 262 516
262 524 262 527
262 542 262 548
263 127 263 149
263 152 263 188
263 193 263 203
263 386 263 516
263 522 263 527
263 541 263 547
264 127 264 184
264 186 264 188
264 190 264 190
264 197 264 201
264 386 264 516
264 522 264 528
264 540 264 546
265 125 265 182
265 184 265 187
265 190 265 191
265 195 265 200
265 386 265 516
265 522 265 529
265 540 265 544
266 124 266 179
266 182 266 186
266 189 266 191
266 195 266 199
266 386 266 516
266 522 266 530
266 539 266 543
267 123 267 178
267 181 267 187
267 189 267 193
267 196 267 198
267 386 267 517
267 522 267 531
267 539 267 543
268 24 268 24
268 123 268 173
268 175 268 179
268 181 268 197
268 386 268 532
268 539 268 541
269 24 269 24
269 123 269 168
269 171 269 173
269 175 269 175
269 179 269 179
269 181 269 195
269 387 269 534
269 540 269 541
270 25 270 25
270 122 270 164
270 173 270 173
270 179 270 179
270 185 270 193
270 233 270 233
270 387 270 388
270 391 270 536
270 547 270 547
271 25 271 25
271 120 271 121
271 123 271 159
271 162 271 164
271 167 271 168
271 176 271 176
271 179 271 192
271 233 271 233
271 387 271 389
271 392 271 537
271 544 271 545
271 547 271 547
272 25 272 26
272 120 272 148
272 150 272 165
272 175 272 175
272 181 272 191
272 233 272 234
272 388 272 389
272 392 272 540
272 542 272 542
272 544 272 547
273 25 273 27
273 119 273 169
273 171 273 171
273 175 273 190
273 233 273 234
273 388 273 548
274 25 274 27
274 35 274 35
274 118 274 169
274 171 274 173
274 177 274 177
274 179 274 185
274 187 274 188
274 233 274 234
274 388 274 548
275 25 275 28
275 34 275 36
275 119 275 160
275 162 275 167
275 170 275 183
275 186 275 188
275 233 275 234
275 388 275 551
275 594 275 594
276 25 276 29
276 34 276 37
276 115 276 160
276 162 276 184
276 186 276 188
276 233 276 234
276 388 276 551
277 25 277 29
277 34 277 38
277 115 277 188
277 232 277 234
277 389 277 551
278 25 278 29
278 34 278 38
278 116 278 143
278 145 278 157
278 159 278 160
278 163 278 168
278 170 278 185
278 230 278 234
278 390 278 551
279 25 279 29
279 33 279 39
279 115 279 143
279 145 279 153
279 157 279 159
279 165 279 168
279 172 279 176
279 178 279 183
279 230 279 231
279 233 279 234
279 238 279 238
279 390 279 392
279 396 279 552
280 25 280 29
280 33 280 39
280 114 280 159
280 163 280 168
280 172 280 176
280 179 280 182
280 225 280 227
280 229 280 234
280 237 280 239
280 390 280 392
280 394 280 553
281 25 281 29
281 32 281 39
281 114 281 169
281 173 281 181
281 224 281 234
281 237 281 240
281 242 281 245
281 391 281 555
281 569 281 574
281 592 281 593
282 25 282 28
282 32 282 39
282 114 282 159
282 163 282 169
282 174 282 178
282 224 282 234
282 236 282 247
282 253 282 253
282 255 282 255
282 391 282 557
282 567 282 575
282 591 282 593
283 25 283 28
283 33 283 40
283 113 283 168
283 171 283 172
283 174 283 177
283 205 283 205
283 224 283 234
283 236 283 242
283 244 283 246
283 250 283 255
283 257 283 258
283 391 283 558
283 571 283 576
283 591 283 593
283 619 283 619
284 25 284 28
284 35 284 40
284 113 284 156
284 158 284 159
284 162 284 164
284 168 284 168
284 171 284 175
284 204 284 205
284 224 284 234
284 237 284 238
284 245 284 246
284 249 284 250
284 253 284 258
284 392 284 397
284 399 284 564
284 574 284 576
284 591 284 592
284 618 284 619
285 25 285 28
285 35 285 40
285 112 285 147
285 149 285 156
285 158 285 171
285 174 285 174
285 203 285 204
285 224 285 235
285 237 285 238
285 241 285 241
285 246 285 246
285 253 285 259
285 392 285 397
285 399 285 564
285 573 285 577
285 591 285 593
285 613 285 613
285 615 285 619
286 25 286 28
286 34 286 41
286 111 286 113
286 115 286 146
286 148 286 150
286 152 286 153
286 158 286 160
286 163 286 165
286 167 286 171
286 201 286 204
286 223 286 235
286 237 286 239
286 241 286 241
286 243 286 246
286 251 286 254
286 256 286 259
286 261 286 263
286 393 286 563
286 574 286 577
286 591 286 593
286 608 286 608
286 612 286 619
287 25 287 28
287 34 287 42
287 110 287 153
287 158 287 160
287 164 287 166
287 168 287 171
287 202 287 204
287 224 287 235
287 239 287 241
287 243 287 246
287 252 287 255
287 261 287 263
287 393 287 510
287 512 287 512
287 514 287 515
287 517 287 517
287 519 287 561
287 574 287 577
287 591 287 593
287 603 287 604
287 612 287 619
288 25 288 28
288 34 288 42
288 78 288 80
288 109 288 160
288 162 288 170
288 199 288 199
288 202 288 203
288 225 288 236
288 238 288 246
288 249 288 250
288 255 288 255
288 257 288 263
288 266 288 268
288 394 288 536
288 540 288 560
288 576 288 577
288 591 288 592
288 595 288 599
288 603 288 619
289 25 289 28
289 33 289 43
289 47 289 48
289 67 289 67
289 72 289 73
289 77 289 80
289 108 289 158
289 160 289 162
289 166 289 169
289 198 289 203
289 225 289 236
289 239 289 240
289 243 289 244
289 247 289 248
289 257 289 258
289 260 289 264
289 268 289 269
289 394 289 397
289 399 289 511
289 514 289 520
289 524 289 540
289 542 289 558
289 577 289 578
289 590 289 620
290 25 290 27
290 33 290 44
290 66 290 66
290 71 290 72
290 76 290 76
290 78 290 80
290 105 290 105
290 108 290 162
290 166 290 168
290 198 290 203
290 225 290 237
290 240 290 252
290 256 290 257
290 260 290 261
290 263 290 272
290 395 290 511
290 515 290 518
290 521 290 557
290 575 290 578
290 591 290 620
291 25 291 27
291 32 291 45
291 66 291 67
291 70 291 74
291 76 291 80
291 106 291 163
291 166 291 167
291 197 291 203
291 224 291 254
291 258 291 258
291 261 291 261
291 263 291 273
291 395 291 508
291 510 291 512
291 517 291 518
291 521 291 538
291 540 291 556
291 576 291 576
291 578 291 578
291 591 291 620
292 25 292 27
292 32 292 46
292 62 292 62
292 69 292 74
292 77 292 80
292 106 292 165
292 196 292 203
292 224 292 258
292 261 292 261
292 264 292 274
292 396 292 510
292 512 292 512
292 515 292 515
292 517 292 518
292 521 292 557
292 578 292 579
292 591 292 593
292 602 292 609
292 612 292 620
293 25 293 27
293 31 293 31
293 34 293 46
293 62 293 64
293 69 293 74
293 77 293 81
293 106 293 164
293 195 293 202
293 224 293 252
293 255 293 258
293 264 293 271
293 396 293 509
293 512 293 512
293 514 293 515
293 518 293 518
293 521 293 557
293 575 293 575
293 577 293 579
293 591 293 595
293 597 293 597
293 612 293 620
294 25 294 27
294 33 294 45
294 47 294 48
294 64 294 67
294 69 294 81
294 105 294 164
294 194 294 201
294 224 294 253
294 255 294 255
294 257 294 263
294 265 294 272
294 396 294 514
294 517 294 557
294 575 294 575
294 577 294 577
294 579 294 580
294 592 294 595
294 610 294 620
295 25 295 28
295 32 295 44
295 47 295 49
295 55 295 56
295 64 295 66
295 69 295 69
295 73 295 81
295 105 295 163
295 194 295 200
295 223 295 256
295 260 295 274
295 397 295 399
295 401 295 513
295 516 295 522
295 524 295 557
295 574 295 575
295 579 295 580
295 592 295 596
295 609 295 620
296 25 296 28
296 32 296 44
296 48 296 50
296 56 296 56
296 73 296 81
296 105 296 163
296 194 296 199
296 223 296 256
296 260 296 260
296 264 296 267
296 269 296 271
296 398 296 522
296 524 296 529
296 533 296 558
296 574 296 575
296 578 296 581
296 593 296 594
296 597 296 597
296 608 296 620
297 25 297 28
297 32 297 45
297 48 297 52
297 55 297 56
297 63 297 63
297 66 297 66
297 68 297 70
297 73 297 82
297 104 297 162
297 193 297 198
297 224 297 241
297 243 297 244
297 246 297 258
297 270 297 271
297 283 297 283
297 398 297 522
297 524 297 529
297 531 297 531
297 533 297 559
297 577 297 579
297 581 297 584
297 593 297 593
297 607 297 620
298 25 298 28
298 30 298 32
298 34 298 45
298 49 298 56
298 60 298 61
298 63 298 81
298 105 298 161
298 193 298 197
298 224 298 239
298 243 298 243
298 246 298 257
298 269 298 269
298 274 298 274
298 282 298 283
298 399 298 528
298 530 298 558
298 568 298 568
298 573 298 573
298 579 298 579
298 581 298 587
298 605 298 620
299 25 299 45
299 50 299 55
299 57 299 70
299 72 299 80
299 106 299 160
299 192 299 196
299 223 299 231
299 234 299 239
299 241 299 243
299 245 299 257
299 259 299 260
299 264 299 264
299 269 299 270
299 273 299 273
299 400 299 516
299 518 299 557
299 567 299 568
299 573 299 573
299 576 299 576
299 578 299 582
299 585 299 588
299 604 299 620
300 25 300 45
300 49 300 59
300 63 300 66
300 69 300 70
300 72 300 76
300 79 300 79
300 106 300 160
300 191 300 195
300 222 300 261
300 264 300 266
300 269 300 273
300 284 300 286
300 400 300 515
300 517 300 522
300 524 300 557
300 567 300 568
300 575 300 582
300 584 300 589
300 595 300 595
300 599 300 600
300 603 300 620
301 25 301 45
301 54 301 57
301 65 301 65
301 75 301 75
301 107 301 160
301 190 301 194
301 222 301 222
301 224 301 260
301 263 301 268
301 270 301 273
301 400 301 514
301 517 301 556
301 564 301 568
301 572 301 585
301 588 301 590
301 601 301 605
301 607 301 619
302 25 302 45
302 52 302 52
302 54 302 55
302 107 302 159
302 190 302 194
302 224 302 235
302 242 302 243
302 246 302 261
302 264 302 265
302 268 302 269
302 271 302 273
302 276 302 276
302 289 302 289
302 291 302 292
302 294 302 294
302 401 302 515
302 519 302 555
302 563 302 568
302 571 302 571
302 573 302 583
302 585 302 585
302 589 302 590
302 600 302 604
302 607 302 616
302 618 302 619
303 25 303 45
303 52 303 52
303 107 303 159
303 189 303 193
303 224 303 236
303 239 303 240
303 242 303 242
303 248 303 261
303 263 303 265
303 271 303 272
303 275 303 278
303 291 303 293
303 402 303 515
303 518 303 554
303 556 303 556
303 562 303 563
303 565 303 591
303 598 303 619
304 26 304 28
304 32 304 45
304 109 304 158
304 189 304 192
304 222 304 223
304 225 304 235
304 241 304 243
304 246 304 252
304 254 304 264
304 266 304 266
304 275 304 280
304 291 304 294
304 403 304 556
304 562 304 588
304 591 304 620
305 26 305 28
305 33 305 46
305 110 305 158
305 188 305 192
305 222 305 223
305 225 305 230
305 232 305 235
305 243 305 244
305 248 305 250
305 254 305 263
305 266 305 267
305 271 305 271
305 275 305 277
305 279 305 280
305 286 305 286
305 291 305 295
305 404 305 557
305 560 305 619
306 26 306 30
306 34 306 45
306 110 306 157
306 186 306 192
306 223 306 235
306 239 306 244
306 246 306 256
306 258 306 263
306 266 306 269
306 271 306 271
306 277 306 280
306 285 306 285
306 292 306 296
306 404 306 555
306 557 306 557
306 561 306 619
307 25 307 46
307 110 307 157
307 187 307 191
307 222 307 236
307 239 307 241
307 248 307 255
307 257 307 270
307 272 307 284
307 289 307 298
307 405 307 555
307 558 307 620
308 33 308 46
308 111 308 157
308 186 308 191
308 222 308 235
308 239 308 241
308 245 308 255
308 257 308 269
308 272 308 275
308 278 308 284
308 286 308 287
308 289 308 300
308 406 308 620
309 34 309 46
309 110 309 156
309 185 309 190
309 223 309 231
309 233 309 237
309 239 309 244
309 247 309 248
309 251 309 268
309 272 309 276
309 279 309 287
309 290 309 301
309 407 309 619
310 36 310 46
310 110 310 156
310 186 310 190
310 222 310 237
310 239 310 245
310 248 310 249
310 251 310 257
310 259 310 269
310 274 310 276
310 278 310 287
310 289 310 301
310 408 310 619
311 37 311 46
311 111 311 156
311 186 311 190
311 222 311 245
311 248 311 255
311 259 311 270
311 278 311 280
311 282 311 287
311 289 311 301
311 409 311 619
312 38 312 46
312 109 312 155
312 185 312 190
312 221 312 256
312 259 312 273
312 275 312 275
312 280 312 283
312 285 312 302
312 410 312 619
313 26 313 26
313 40 313 46
313 107 313 154
313 185 313 190
313 221 313 279
313 281 313 283
313 286 313 303
313 412 313 619
314 26 314 26
314 31 314 31
314 37 314 37
314 40 314 48
314 107 314 154
314 185 314 189
314 221 314 279
314 281 314 284
314 286 314 304
314 412 314 619
315 26 315 37
315 39 315 47
315 109 315 153
315 155 315 156
315 184 315 189
315 220 315 259
315 261 315 281
315 284 315 305
315 414 315 441
315 443 315 619
316 30 316 47
316 108 316 151
316 184 316 189
316 220 316 280
316 285 316 305
316 415 316 440
316 443 316 619
317 33 317 38
317 42 317 48
317 97 317 98
317 104 317 105
317 111 317 148
317 153 317 153
317 156 317 156
317 181 317 189
317 220 317 282
317 285 317 306
317 417 317 439
317 444 317 619
318 34 318 38
318 43 318 49
318 110 318 148
318 150 318 152
318 183 318 183
318 185 318 188
318 221 318 284
318 286 318 306
318 419 318 438
318 445 318 619
319 36 319 40
319 42 319 51
319 108 319 108
319 110 319 151
319 155 319 156
319 179 319 181
319 185 319 188
319 220 319 288
319 290 319 308
319 421 319 437
319 445 319 619
320 37 320 52
320 60 320 60
320 93 320 94
320 108 320 149
320 155 320 155
320 177 320 178
320 184 320 188
320 219 320 308
320 423 320 436
320 445 320 619
321 39 321 52
321 69 321 69
321 93 321 94
321 106 321 108
321 111 321 113
321 115 321 148
321 151 321 153
321 176 321 177
321 183 321 188
321 218 321 271
321 273 321 309
321 425 321 433
321 446 321 619
322 41 322 52
322 118 322 151
322 155 322 155
322 157 322 157
322 176 322 177
322 179 322 180
322 182 322 188
322 218 322 310
322 447 322 620
323 43 323 53
323 120 323 148
323 151 323 151
323 154 323 154
323 175 323 176
323 179 323 181
323 183 323 187
323 217 323 310
323 448 323 619
324 45 324 53
324 68 324 68
324 71 324 72
324 121 324 130
324 134 324 149
324 152 324 152
324 183 324 187
324 218 324 311
324 448 324 539
324 541 324 619
325 45 325 55
325 70 325 71
325 112 325 113
325 121 325 121
325 123 325 151
325 175 325 175
325 177 325 177
325 182 325 187
325 216 325 313
325 449 325 540
325 542 325 620
326 46 326 55
326 65 326 66
326 69 326 70
326 108 326 112
326 121 326 121
326 123 326 151
326 174 326 178
326 182 326 187
326 203 326 203
326 216 326 314
326 450 326 541
326 543 326 619
327 41 327 41
327 48 327 57
327 67 327 70
327 106 327 111
327 125 327 131
327 134 327 151
327 174 327 178
327 181 327 186
327 216 327 314
327 451 327 619
328 40 328 42
328 50 328 59
328 65 328 69
328 107 328 111
328 125 328 125
328 127 328 130
328 134 328 151
328 174 328 178
328 181 328 186
328 217 328 315
328 451 328 619
329 39 329 44
329 51 329 59
329 65 329 70
329 111 329 111
329 127 329 150
329 173 329 173
329 175 329 178
329 181 329 186
329 216 329 316
329 452 329 619
330 40 330 45
330 52 330 62
330 64 330 71
330 122 330 123
330 127 330 129
330 131 330 150
330 173 330 186
330 216 330 318
330 453 330 619
331 40 331 47
331 52 331 70
331 74 331 74
331 127 331 150
331 173 331 186
331 200 331 200
331 214 331 318
331 454 331 619
332 26 332 27
332 41 332 48
332 53 332 70
332 73 332 73
332 112 332 112
332 122 332 122
332 126 332 126
332 128 332 149
332 170 332 170
332 173 332 186
332 200 332 200
332 214 332 320
332 456 332 619
333 27 333 28
333 40 333 71
333 111 333 115
333 124 333 128
333 132 333 149
333 173 333 188
333 201 333 201
333 214 333 308
333 310 333 321
333 457 333 619
334 26 334 28
334 36 334 69
334 111 334 113
334 116 334 118
334 122 334 128
334 132 334 149
334 171 334 187
334 200 334 202
334 213 334 321
334 459 334 619
335 26 335 31
335 35 335 68
335 111 335 113
335 121 335 127
335 130 335 149
335 170 335 187
335 189 335 189
335 199 335 200
335 212 335 322
335 460 335 619
336 26 336 31
336 35 336 67
336 111 336 112
336 120 336 123
336 127 336 127
336 132 336 150
336 169 336 187
336 189 336 189
336 199 336 200
336 213 336 324
336 462 336 619
337 26 337 67
337 112 337 113
337 115 337 118
337 121 337 123
337 128 337 128
337 132 337 150
337 168 337 187
337 212 337 324
337 463 337 619
338 26 338 69
338 112 338 113
338 115 338 121
338 123 338 124
338 131 338 151
338 166 338 187
338 212 338 325
338 465 338 619
339 26 339 68
339 111 339 112
339 118 339 121
339 123 339 125
339 131 339 131
339 133 339 151
339 165 339 187
339 198 339 199
339 210 339 326
339 468 339 619
340 26 340 68
340 112 340 112
340 122 340 122
340 133 340 151
340 164 340 187
340 199 340 199
340 210 340 327
340 471 340 619
341 26 341 70
341 113 341 114
341 132 341 152
341 163 341 187
341 210 341 327
341 471 341 619
342 26 342 72
342 112 342 114
342 128 342 128
342 131 342 154
342 162 342 187
342 197 342 197
342 210 342 328
342 471 342 619
343 27 343 72
343 107 343 107
343 112 343 115
343 122 343 122
343 127 343 127
343 130 343 187
343 197 343 197
343 209 343 329
343 471 343 619
344 27 344 72
344 107 344 107
344 112 344 113
344 117 344 117
344 121 344 122
344 127 344 127
344 129 344 186
344 208 344 313
344 315 344 330
344 471 344 619
345 27 345 73
345 75 345 76
345 104 345 105
345 110 345 110
345 112 345 112
345 117 345 117
345 127 345 138
345 140 345 186
345 207 345 330
345 472 345 600
345 613 345 619
346 27 346 70
346 72 346 75
346 104 346 105
346 108 346 110
346 113 346 113
346 117 346 117
346 124 346 124
346 126 346 137
346 141 346 186
346 207 346 332
346 471 346 610
347 27 347 70
347 74 347 74
347 100 347 100
347 108 347 110
347 113 347 115
347 118 347 119
347 122 347 136
347 140 347 142
347 144 347 185
347 206 347 320
347 323 347 332
347 472 347 612
348 27 348 71
348 102 348 103
348 105 348 107
348 109 348 109
348 118 348 119
348 122 348 135
348 140 348 140
348 142 348 152
348 155 348 185
348 194 348 194
348 206 348 321
348 323 348 326
348 328 348 332
348 472 348 521
348 524 348 614
349 27 349 71
349 105 349 106
349 109 349 109
349 112 349 112
349 119 349 121
349 123 349 123
349 125 349 134
349 139 349 140
349 142 349 153
349 156 349 185
349 191 349 191
349 205 349 334
349 473 349 520
349 522 349 522
349 525 349 616
350 27 350 72
350 99 350 99
350 111 350 111
350 114 350 115
350 119 350 120
350 123 350 124
350 126 350 131
350 142 350 148
350 152 350 184
350 190 350 190
350 206 350 334
350 473 350 618
351 27 351 72
351 104 351 111
351 113 351 116
351 118 351 122
351 124 351 131
351 142 351 148
351 152 351 184
351 205 351 324
351 326 351 334
351 475 351 612
351 614 351 618
352 27 352 73
352 97 352 98
352 100 352 119
352 121 352 126
352 128 352 128
352 131 352 131
352 147 352 148
352 152 352 184
352 205 352 329
352 332 352 335
352 476 352 615
353 27 353 73
353 97 353 124
353 148 353 149
353 152 353 156
353 159 353 183
353 189 353 189
353 204 353 322
353 324 353 336
353 477 353 513
353 515 353 618
354 27 354 74
354 95 354 119
354 148 354 148
354 152 354 155
354 161 354 183
354 188 354 189
354 204 354 336
354 479 354 509
354 517 354 618
355 27 355 74
355 95 355 115
355 149 355 149
355 151 355 154
355 163 355 183
355 189 355 189
355 204 355 337
355 492 355 506
355 518 355 560
355 562 355 570
355 572 355 574
355 576 355 618
356 27 356 75
356 92 356 102
356 105 356 106
356 149 356 154
356 165 356 183
356 202 356 337
356 495 356 503
356 519 356 569
356 572 356 573
356 576 356 618
357 27 357 76
357 91 357 98
357 150 357 153
357 167 357 182
357 201 357 338
357 520 357 574
357 577 357 577
357 579 357 589
357 591 357 618
358 27 358 77
358 81 358 82
358 87 358 95
358 150 358 153
358 168 358 182
358 201 358 340
358 522 358 535
358 537 358 574
358 580 358 617
359 27 359 78
359 81 359 93
359 151 359 152
359 170 359 182
359 200 359 340
359 523 359 536
359 538 359 575
359 581 359 590
359 593 359 617
360 27 360 90
360 172 360 182
360 200 360 340
360 524 360 591
360 594 360 618
361 27 361 87
361 173 361 181
361 199 361 342
361 512 361 513
361 525 361 562
361 564 361 592
361 596 361 618
362 27 362 84
362 175 362 181
362 198 362 343
362 514 362 514
362 525 362 532
362 536 362 588
362 592 362 592
362 599 362 618
363 27 363 84
363 176 363 181
363 198 363 344
363 514 363 514
363 527 363 533
363 538 363 563
363 565 363 587
363 592 363 593
363 602 363 618
364 28 364 85
364 177 364 181
364 198 364 345
364 524 364 525
364 528 364 534
364 538 364 563
364 566 364 587
364 589 364 590
364 592 364 594
364 604 364 617
365 28 365 87
365 179 365 181
365 198 365 346
365 478 365 478
365 512 365 512
365 529 365 535
365 538 365 564
365 567 365 587
365 589 365 590
365 607 365 617
366 28 366 88
366 197 366 348
366 531 366 538
366 541 366 564
366 570 366 570
366 572 366 577
366 583 366 584
366 586 366 587
366 590 366 590
366 613 366 617
367 28 367 88
367 197 367 347
367 531 367 538
367 542 367 564
367 572 367 574
367 617 367 617
368 28 368 91
368 195 368 347
368 534 368 537
368 544 368 564
369 28 369 90
369 197 369 347
369 534 369 537
369 545 369 564
370 28 370 89
370 200 370 347
370 349 370 351
370 534 370 537
370 546 370 565
370 615 370 617
371 28 371 89
371 91 371 92
371 202 371 335
371 337 371 347
371 349 371 350
371 548 371 565
371 615 371 617
372 28 372 90
372 204 372 346
372 349 372 349
372 353 372 355
372 538 372 539
372 549 372 565
372 613 372 617
373 28 373 91
373 206 373 347
373 349 373 349
373 352 373 357
373 537 373 538
373 540 373 540
373 551 373 566
373 610 373 617
374 28 374 92
374 207 374 336
374 338 374 347
374 349 374 358
374 541 374 543
374 546 374 546
374 552 374 567
374 607 374 617
375 28 375 92
375 110 375 110
375 207 375 347
375 349 375 351
375 353 375 360
375 530 375 530
375 542 375 547
375 554 375 567
375 608 375 617
376 28 376 95
376 105 376 107
376 109 376 111
376 207 376 208
376 210 376 346
376 350 376 351
376 353 376 361
376 544 376 546
376 555 376 567
376 605 376 617
377 28 377 95
377 98 377 99
377 103 377 108
377 110 377 111
377 114 377 114
377 209 377 346
377 351 377 353
377 355 377 361
377 531 377 532
377 555 377 568
377 600 377 600
377 604 377 617
378 28 378 97
378 100 378 109
378 113 378 113
378 115 378 115
378 210 378 211
378 216 378 346
378 350 378 362
378 532 378 532
378 556 378 571
378 603 378 603
378 605 378 617
379 28 379 98
379 101 379 103
379 106 379 110
379 112 379 114
379 211 379 211
379 218 379 363
379 556 379 572
379 605 379 616
380 28 380 109
380 111 380 114
380 116 380 116
380 219 380 357
380 360 380 364
380 556 380 573
380 604 380 616
381 28 381 118
381 128 381 128
381 220 381 348
381 351 381 357
381 363 381 367
381 557 381 574
381 603 381 616
382 28 382 118
382 127 382 128
382 219 382 219
382 221 382 351
382 353 382 359
382 363 382 363
382 365 382 368
382 558 382 574
382 603 382 616
383 28 383 119
383 122 383 122
383 125 383 127
383 214 383 214
383 220 383 221
383 223 383 359
383 361 383 361
383 364 383 370
383 477 383 479
383 559 383 574
383 600 383 601
383 603 383 616
384 28 384 118
384 126 384 127
384 219 384 220
384 224 384 350
384 352 384 361
384 365 384 370
384 560 384 574
384 603 384 616
385 28 385 120
385 124 385 128
385 131 385 132
385 216 385 216
385 223 385 362
385 365 385 367
385 369 385 371
385 561 385 574
385 603 385 617
386 28 386 128
386 131 386 135
386 139 386 139
386 216 386 220
386 223 386 223
386 225 386 352
386 354 386 363
386 365 386 366
386 368 386 372
386 562 386 574
386 604 386 616
387 28 387 130
387 132 387 134
387 138 387 139
387 217 387 219
387 223 387 362
387 364 387 373
387 562 387 574
387 604 387 608
387 610 387 616
388 28 388 130
388 132 388 134
388 223 388 224
388 226 388 362
388 364 388 366
388 368 388 368
388 370 388 374
388 562 388 574
388 606 388 609
388 612 388 616
389 28 389 137
389 143 389 144
389 224 389 362
389 364 389 368
389 370 389 371
389 376 389 377
389 563 389 574
389 607 389 616
390 28 390 137
390 139 390 139
390 142 390 145
390 152 390 152
390 224 390 370
390 374 390 378
390 563 390 574
390 603 390 604
390 608 390 616
391 28 391 139
391 142 391 145
391 152 391 152
391 187 391 188
391 190 391 190
391 218 391 220
391 222 391 222
391 224 391 370
391 373 391 379
391 564 391 573
391 603 391 605
391 610 391 616
392 28 392 140
392 142 392 144
392 148 392 149
392 151 392 151
392 187 392 188
392 190 392 192
392 218 392 224
392 226 392 381
392 565 392 570
392 606 392 606
392 608 392 616
393 28 393 140
393 143 393 144
393 147 393 149
393 157 393 157
393 162 393 162
393 183 393 185
393 187 393 188
393 191 393 192
393 194 393 196
393 221 393 235
393 242 393 375
393 377 393 381
393 566 393 569
393 609 393 615
394 28 394 152
394 155 394 159
394 163 394 164
394 166 394 166
394 182 394 193
394 195 394 196
394 198 394 198
394 202 394 203
394 222 394 222
394 224 394 226
394 229 394 236
394 246 394 370
394 372 394 376
394 378 394 379
394 381 394 382
394 611 394 615
395 28 395 159
395 161 395 168
395 175 395 175
395 178 395 203
395 221 395 222
395 233 395 238
395 248 395 370
395 373 395 380
395 382 395 382
395 602 395 605
395 607 395 615
396 29 396 168
396 172 396 175
396 177 396 207
396 211 396 212
396 220 396 221
396 235 396 236
396 246 396 247
396 250 396 250
396 252 396 372
396 374 396 387
396 604 396 615
397 29 397 168
397 172 397 206
397 210 397 216
397 232 397 233
397 246 397 247
397 253 397 382
397 384 397 388
397 591 397 592
397 603 397 607
397 609 397 612
398 29 398 204
398 208 398 209
398 211 398 219
398 254 398 381
398 385 398 389
398 591 398 595
398 606 398 607
398 609 398 612
398 615 398 615
399 29 399 208
399 210 399 219
399 221 399 221
399 252 399 252
399 255 399 255
399 257 399 390
399 513 399 513
399 593 399 597
399 603 399 615
400 29 400 219
400 245 400 245
400 254 400 391
400 597 400 600
400 604 400 613
401 29 401 219
401 253 401 254
401 257 401 392
401 482 401 482
401 600 401 601
401 603 401 603
402 29 402 218
402 257 402 258
402 260 402 393
402 482 402 482
403 29 403 219
403 260 403 262
403 264 403 395
403 482 403 482
404 29 404 219
404 260 404 397
405 29 405 219
405 260 405 398
406 29 406 219
406 262 406 262
406 265 406 399
407 29 407 219
407 221 407 221
407 262 407 262
407 265 407 399
408 29 408 222
408 263 408 263
408 266 408 402
409 29 409 223
409 267 409 403
410 29 410 220
410 222 410 224
410 272 410 404
411 29 411 221
411 226 411 226
411 272 411 405
412 29 412 222
412 225 412 227
412 272 412 273
412 279 412 407
412 575 412 575
412 608 412 608
413 29 413 229
413 282 413 297
413 300 413 409
414 29 414 229
414 283 414 294
414 302 414 410
414 611 414 613
415 29 415 230
415 287 415 287
415 289 415 290
415 301 415 301
415 303 415 411
415 612 415 613
416 29 416 234
416 306 416 324
416 330 416 400
416 403 416 413
417 29 417 234
417 236 417 236
417 303 417 304
417 309 417 320
417 332 417 393
417 395 417 415
417 609 417 610
418 29 418 235
418 309 418 309
418 311 418 317
418 336 418 393
418 395 418 415
418 607 418 608
419 30 419 237
419 337 419 417
420 30 420 237
420 239 420 240
420 243 420 244
420 338 420 418
420 610 420 610
421 30 421 237
421 239 421 245
421 250 421 250
421 255 421 255
421 335 421 336
421 338 421 383
421 385 421 418
422 30 422 247
422 250 422 256
422 260 422 260
422 264 422 264
422 298 422 298
422 327 422 330
422 335 422 335
422 338 422 420
423 30 423 44
423 46 423 257
423 260 423 261
423 263 423 266
423 272 423 273
423 275 423 275
423 280 423 280
423 298 423 299
423 326 423 420
424 30 424 42
424 47 424 270
424 272 424 277
424 279 424 283
424 286 424 286
424 289 424 289
424 291 424 292
424 327 424 420
424 422 424 423
425 30 425 42
425 47 425 278
425 282 425 284
425 286 425 292
425 328 425 424
426 30 426 42
426 46 426 278
426 281 426 291
426 329 426 425
427 30 427 42
427 47 427 295
427 297 427 299
427 331 427 426
428 30 428 42
428 46 428 304
428 332 428 426
428 593 428 593
429 30 429 42
429 47 429 304
429 307 429 307
429 334 429 428
430 30 430 42
430 47 430 307
430 327 430 328
430 335 430 398
430 400 430 429
431 30 431 42
431 47 431 306
431 308 431 308
431 312 431 312
431 316 431 316
431 328 431 331
431 335 431 431
431 595 431 595
432 30 432 42
432 47 432 307
432 310 432 316
432 329 432 333
432 337 432 409
432 412 432 412
432 414 432 431
433 31 433 43
433 47 433 316
433 318 433 318
433 326 433 326
433 331 433 431
434 31 434 43
434 47 434 315
434 318 434 318
434 326 434 327
434 332 434 432
435 31 435 44
435 47 435 317
435 319 435 320
435 324 435 433
436 31 436 44
436 47 436 317
436 320 436 320
436 324 436 433
436 584 436 584
436 595 436 596
437 31 437 43
437 47 437 315
437 317 437 317
437 322 437 322
437 324 437 433
437 595 437 596
438 31 438 43
438 48 438 318
438 320 438 320
438 322 438 434
439 31 439 43
439 48 439 436
439 481 439 481
439 511 439 511
439 525 439 558
439 561 439 611
440 31 440 43
440 48 440 612
441 31 441 43
441 48 441 613
442 31 442 43
442 46 442 46
442 48 442 612
443 31 443 43
443 46 443 46
443 48 443 612
444 31 444 46
444 48 444 612
445 31 445 43
445 46 445 612
446 31 446 43
446 46 446 242
446 244 446 612
447 31 447 46
447 48 447 612
448 32 448 612
449 32 449 612
450 32 450 44
450 46 450 295
450 297 450 612
451 32 451 44
451 46 451 47
451 49 451 152
451 154 451 271
451 275 451 293
451 296 451 612
452 32 452 44
452 46 452 47
452 49 452 283
452 285 452 313
452 315 452 325
452 327 452 612
453 32 453 44
453 46 453 47
453 49 453 612
454 32 454 44
454 46 454 47
454 49 454 155
454 157 454 310
454 312 454 612
455 32 455 44
455 46 455 47
455 49 455 155
455 157 455 310
455 312 455 612
456 32 456 45
456 47 456 47
456 49 456 271
456 273 456 612
457 33 457 165
457 167 457 271
457 273 457 316
457 318 457 318
457 321 457 611
458 33 458 44
458 47 458 47
458 49 458 318
458 320 458 611
459 33 459 36
459 42 459 43
459 51 459 56
459 63 459 65
459 67 459 68
459 71 459 71
459 77 459 611
460 33 460 36
460 54 460 56
460 77 460 80
460 84 460 84
460 88 460 89
460 96 460 560
460 562 460 563
460 565 460 611
461 33 461 35
461 44 461 44
461 54 461 56
461 59 461 59
461 77 461 80
461 82 461 83
461 97 461 272
461 275 461 321
461 325 461 334
461 338 461 358
461 361 461 361
461 365 461 365
461 367 461 369
461 372 461 464
461 466 461 611
462 32 462 35
462 41 462 41
462 44 462 44
462 50 462 50
462 53 462 54
462 74 462 74
462 78 462 79
462 82 462 83
462 86 462 86
462 91 462 91
462 94 462 94
462 97 462 272
462 274 462 274
462 277 462 310
462 312 462 314
462 317 462 321
462 324 462 330
462 332 462 333
462 336 462 355
462 358 462 358
462 363 462 365
462 368 462 368
462 372 462 380
462 382 462 383
462 385 462 398
462 403 462 404
462 407 462 408
462 413 462 417
462 420 462 437
462 439 462 439
462 441 462 451
462 458 462 461
462 464 462 464
462 467 462 478
462 480 462 508
462 510 462 510
462 512 462 531
462 533 462 611
463 33 463 37
463 40 463 44
463 50 463 50
463 53 463 53
463 56 463 56
463 59 463 59
463 77 463 80
463 91 463 91
463 94 463 94
463 97 463 105
463 107 463 265
463 267 463 312
463 318 463 320
463 324 463 324
463 327 463 330
463 333 463 333
463 337 463 343
463 345 463 352
463 365 463 366
463 373 463 380
463 382 463 383
463 386 463 393
463 397 463 397
463 403 463 404
463 407 463 408
463 413 463 416
463 421 463 427
463 433 463 436
463 443 463 444
463 448 463 450
463 453 463 454
463 475 463 477
463 479 463 484
463 486 463 489
463 491 463 508
463 511 463 514
463 516 463 611
464 33 464 45
464 50 464 59
464 63 464 63
464 74 464 75
464 77 464 81
464 88 464 89
464 91 464 91
464 94 464 94
464 96 464 265
464 267 464 274
464 276 464 316
464 336 464 336
464 341 464 341
464 346 464 350
464 358 464 358
464 365 464 365
464 383 464 383
464 386 464 393
464 397 464 397
464 403 464 404
464 407 464 408
464 411 464 411
464 414 464 416
464 426 464 426
464 433 464 435
464 448 464 450
464 460 464 460
464 463 464 463
464 475 464 477
464 479 464 489
464 491 464 494
464 497 464 508
464 511 464 536
464 538 464 546
464 548 464 611
465 43 465 44
465 71 465 317
465 326 465 326
465 346 465 347
465 349 465 349
465 365 465 365
465 384 465 393
465 397 465 398
465 403 465 404
465 407 465 407
465 411 465 411
465 414 465 416
465 421 465 421
465 433 465 435
465 448 465 452
465 463 465 463
465 475 465 477
465 479 465 486
465 488 465 495
465 497 465 507
465 510 465 513
465 515 465 611
466 90 466 168
466 171 466 267
466 269 466 270
466 274 466 318
466 320 466 320
466 333 466 333
466 338 466 338
466 349 466 349
466 357 466 357
466 384 466 394
466 397 466 400
466 404 466 404
466 407 466 407
466 411 466 411
466 414 466 415
466 421 466 421
466 424 466 424
466 433 466 435
466 448 466 452
466 463 466 463
466 467 466 468
466 474 466 491
466 493 466 507
466 510 466 611
467 120 467 121
467 123 467 168
467 171 467 267
467 269 467 269
467 271 467 320
467 348 467 348
467 384 467 393
467 397 467 398
467 403 467 403
467 407 467 408
467 413 467 415
467 418 467 418
467 421 467 421
467 428 467 428
467 430 467 431
467 433 467 433
467 441 467 441
467 447 467 450
467 454 467 457
467 462 467 465
467 467 467 506
467 509 467 556
467 562 467 562
468 132 468 168
468 170 468 321
468 336 468 336
468 347 468 348
468 370 468 370
468 383 468 387
468 389 468 393
468 397 468 398
468 402 468 404
468 408 468 409
468 413 468 416
468 418 468 422
468 425 468 436
468 438 468 505
468 520 468 522
469 181 469 323
469 325 469 327
469 329 469 330
469 333 469 337
469 340 469 344
469 347 469 350
469 353 469 357
469 364 469 366
469 368 469 371
469 376 469 379
469 381 469 387
469 389 469 432
469 434 469 434
469 438 469 439
469 443 469 444
470 225 470 344
470 347 470 351
470 353 470 357
470 361 470 361
470 363 470 365
470 367 470 369
470 382 470 387
470 389 470 392
470 396 470 399
471 281 471 286
471 288 471 290
471 297 471 298
471 301 471 302
471 304 471 312
471 315 471 323
