1 800 600 1
219  64  
1
1
219
149.613  299.749  2.03325  -3.00267  1  13  8  56  139  15  2  32  139  16  12  3  5  39  139  0  5  59  40  19  139  52  8  8  139  35  4  1  3  31  139  0  8  4  54  46  139  4  2  52  139  4  0  50  3  15  68  15  2  10  56  1  116  0  0  46  130  0  0  139  61  2  14  113
565.419  300.248  1.90385  0.302594  1  5  85  118  42  12  16  118  118  27  22  47  20  93  61  10  6  66  118  6  70  51  4  9  118  25  6  14  33  32  118  18  1  118  118  1  31  118  40  23  117  23  16  91  61  15  70  66  0  31  101  10  3  28  118  81  41  1  16  64  118  12  11  33
507.939  300.999  1.99331  2.90991  9  61  74  78  138  123  14  34  74  138  40  5  43  138  11  0  73  36  57  78  138  36  4  44  124  31  0  2  4  25  1  0  61  75  45  29  138  54  10  30  122  8  0  2  2  0  0  1  37  138  36  0  138  119  7  0  35  11  0  0  1  0  0  0
347.167  301.874  1.99656  -0.123639  0  5  147  0  3  5  75  0  18  67  1  0  2  104  5  1  0  2  147  47  56  11  91  4  147  147  0  11  26  147  37  34  1  0  100  141  57  0  34  22  147  8  6  147  19  9  77  147  0  4  4  14  5  4  1  4  18  0  3  62  0  0  13  57
627.693  302.359  2.03982  2.91188  20  44  38  93  67  94  4  56  27  36  60  30  8  23  43  78  35  20  52  93  115  21  10  115  67  30  110  50  12  112  49  67  56  114  34  10  115  115  15  10  39  56  115  64  24  49  61  115  45  63  21  63  94  40  3  45  9  62  55  14  14  112  80  18
336.062  302.561  2.03196  -3.01244  0  0  2  19  18  12  1  12  138  13  1  26  94  12  138  11  18  14  12  0  126  138  0  0  138  138  0  3  98  59  120  2  35  16  75  6  138  41  0  38  124  109  0  13  11  48  73  0  10  0  41  18  138  0  0  48  138  0  0  36  4  6  19  0
336.062  302.561  2.03196  -1.83124  27  20  7  143  64  75  11  143  46  143  10  19  2  143  4  0  33  0  5  77  143  23  0  86  143  20  0  46  7  7  0  28  20  0  3  4  143  4  0  120  78  1  0  143  21  0  0  143  8  16  1  1  14  61  4  28  8  20  8  86  8  0  0  96
395.517  303.31  2.05235  -0.0600923  81  1  0  39  135  0  0  135  61  0  0  44  1  0  0  1  11  22  16  8  135  3  0  101  135  5  0  90  21  0  0  3  1  119  129  0  135  73  14  4  135  74  0  7  22  3  0  0  2  92  135  5  135  97  51  7  125  40  0  4  2  1  0  0
519.487  302.782  2.01117  0.0970362  10  8  111  66  43  7  37  85  128  3  4  42  28  0  0  3  8  54  128  10  65  39  82  34  128  16  5  21  38  0  6  40  0  54  128  22  40  108  50  62  128  53  17  55  28  3  122  128  13  20  106  56  33  40  57  71  127  36  15  49  22  57  128  19
371.864  305.31  2.04458  0.91688  0  0  3  1  24  10  0  0  99  138  0  0  39  148  0  0  2  33  13  0  98  9  2  0  148  74  0  5  55  89  5  20  9  84  141  0  84  4  21  7  148  0  3  95  39  0  80  148  2  12  148  8  14  1  27  7  84  0  1  113  26  11  51  123
573.554  304.877  2.18818  -3.06367  14  34  45  42  119  36  28  46  22  11  119  40  24  21  44  36  10  51  53  74  119  36  19  90  55  68  119  18  28  87  46  13  5  89  90  27  119  70  26  43  88  49  119  27  12  26  102  73  0  67  60  76  74  65  21  110  59  14  119  63  0  30  89  37
637.829  305.147  1.98346  1.74775  0  0  14  55  12  0  4  107  10  0  33  47  0  0  67  101  3  11  93  122  73  14  16  122  109  8  72  104  4  18  122  75  18  81  90  20  106  59  58  43  122  50  34  11  7  122  122  3  39  84  54  1  55  122  44  12  84  69  9  35  8  39  34  34
667.598  305.179  1.99699  -1.0268  0  0  13  16  5  2  42  79  14  16  47  89  31  9  62  71  2  0  118  107  118  13  73  118  60  79  102  19  78  117  43  23  7  118  118  59  118  118  34  30  86  68  22  4  19  64  25  34  3  89  12  0  23  99  9  8  12  10  46  74  4  7  94  118
510.095  306.888  2.01784  2.93582  3  20  109  58  109  55  26  38  64  63  125  24  36  91  50  25  4  74  100  73  125  125  21  42  95  125  54  9  54  125  16  0  47  24  72  87  125  40  4  51  125  36  0  4  5  29  1  0  41  47  39  19  125  30  9  28  112  6  0  2  2  0  0  1
586.785  308.141  2.03129  0.304826  32  54  25  90  88  23  2  104  41  9  113  31  49  28  82  31  35  41  97  49  101  21  12  113  113  47  60  81  40  113  71  7  14  79  113  21  59  94  16  47  113  54  6  47  24  23  105  50  32  54  102  11  35  40  51  42  108  25  5  63  38  27  100  19
199.62  309.036  2.03981  0.876049  24  4  142  64  68  15  38  20  168  83  0  0  63  38  26  0  3  0  135  54  148  5  7  18  168  19  0  22  55  8  1  1  0  1  54  19  150  12  0  3  168  28  0  3  50  5  0  0  3  3  7  2  148  41  0  0  168  42  0  0  25  2  0  0
425.444  309.864  2.17971  0.0965263  0  22  117  0  91  26  127  18  127  0  0  36  10  0  0  1  0  17  88  0  53  67  127  7  127  22  9  33  33  0  0  9  0  4  51  49  23  101  119  83  116  89  24  73  39  1  20  125  0  5  127  62  17  9  33  127  17  9  27  127  76  0  26  93
425.444  309.864  2.17971  2.8192  2  78  96  5  15  128  43  7  6  127  69  18  98  52  11  12  0  29  47  9  21  43  109  128  90  113  53  68  62  128  16  0  0  0  101  14  71  5  128  57  128  27  5  16  23  23  0  0  0  0  115  13  91  10  128  16  128  22  0  0  10  1  0  0
636.802  309.891  1.9834  -1.6326  14  42  34  96  61  36  4  71  12  51  39  44  14  27  30  99  32  19  100  118  118  13  7  118  44  2  118  76  43  20  83  104  21  117  59  1  118  118  10  3  35  78  118  16  17  84  55  22  8  118  13  0  48  91  1  0  7  66  40  0  4  118  24  1
595.567  311.309  2.14923  -2.29749  39  6  23  115  64  54  42  74  10  106  93  13  16  30  63  32  30  82  60  47  115  50  4  48  45  56  110  69  25  115  83  18  18  115  18  4  40  106  90  42  39  31  86  115  109  42  23  80  20  6  16  33  2  45  111  46  15  106  69  36  78  43  26  56
595.567  311.309  2.14923  2.24118  32  20  9  45  9  6  113  37  24  24  113  46  107  35  6  30  62  0  71  96  78  25  62  113  37  113  68  8  77  97  29  34  31  51  90  57  113  76  22  57  58  39  51  113  15  13  91  97  67  102  19  11  33  75  73  50  19  20  110  102  40  15  26  51
391.69  312.157  2.05363  0.391271  5  13  1  13  69  2  0  57  129  0  0  47  28  0  0  2  0  129  46  0  62  112  38  0  129  12  2  8  45  0  0  6  2  107  34  10  12  129  125  5  129  35  63  94  69  0  0  129  15  1  2  129  0  9  88  129  9  2  122  77  98  0  2  83
391.69  312.157  2.05363  2.46106  0  0  1  1  0  4  104  13  3  36  135  14  6  72  21  3  0  0  38  71  5  0  122  135  113  78  95  60  43  135  67  0  0  0  135  119  36  0  65  135  135  9  4  27  65  29  50  1  0  5  135  7  27  0  20  8  135  0  0  33  63  3  12  30
661.748  311.91  1.9539  2.82994  4  0  24  31  39  0  38  119  46  0  0  29  1  0  0  3  2  17  136  136  136  13  83  136  136  2  0  12  4  0  0  2  4  117  136  34  136  136  99  21  136  9  0  2  3  0  1  1  47  15  52  91  109  73  41  22  66  17  0  0  2  0  1  1
555.589  313.578  2.00543  3.0192  10  29  75  58  130  66  12  45  89  30  73  11  4  14  130  16  14  13  77  110  130  16  3  104  130  21  48  22  3  130  130  0  11  56  61  4  130  73  5  14  130  17  3  5  2  46  12  0  27  69  27  44  130  99  0  49  86  15  0  4  1  0  0  0
366.766  313.659  1.98583  -0.0419432  1  0  69  134  6  4  39  51  70  87  3  2  88  134  4  0  0  0  9  17  70  11  2  2  134  122  0  24  108  107  2  42  0  34  14  0  67  21  2  4  134  13  6  134  108  0  0  134  7  85  75  11  59  128  14  2  18  73  98  29  41  1  13  86
437.541  314.292  1.90542  -0.998879  127  25  17  60  54  127  25  31  61  89  0  1  6  9  0  0  127  13  0  127  127  20  0  127  59  5  0  8  0  0  4  4  127  127  0  8  127  127  0  7  43  11  5  6  0  0  52  59  127  70  0  0  36  39  5  5  2  2  62  68  0  0  127  127
499.713  314.263  1.95143  -2.11875  13  0  77  134  120  0  2  134  86  0  0  53  2  0  0  3  20  50  88  53  134  39  15  64  134  19  0  26  9  0  0  3  29  100  87  20  134  132  41  34  134  31  0  19  9  1  0  2  94  38  15  84  115  87  19  92  100  21  0  40  6  0  0  17
190.406  314.958  2.04667  1.35404  23  1  13  15  165  0  0  100  165  0  0  55  7  0  0  2  5  3  20  0  165  4  0  49  165  7  0  69  29  1  0  3  6  2  25  0  165  56  0  2  165  75  0  4  26  5  0  0  21  6  18  0  165  74  0  0  165  46  3  4  4  1  10  46
567.739  315.522  2.00809  0.254036  8  58  58  56  79  6  14  88  82  29  82  49  9  73  69  14  6  32  122  47  93  10  8  61  122  32  31  28  18  46  122  24  1  112  122  1  93  122  27  19  122  60  24  36  22  54  122  17  5  48  116  13  36  47  69  40  104  27  4  66  50  41  64  19
380.478  317.312  2.05665  -1.06507  30  33  40  18  141  78  1  25  33  141  41  3  0  105  118  1  38  1  32  37  141  16  0  25  88  14  35  9  0  10  141  29  38  2  3  5  141  3  0  32  78  1  74  66  0  8  141  59  13  4  19  3  125  0  0  89  55  10  36  141  28  109  52  25
386.748  319.51  2.04773  -2.45041  9  1  3  33  4  10  13  30  12  47  1  2  26  68  0  14  8  19  29  0  117  99  0  1  92  132  0  0  32  132  1  0  10  132  76  0  132  94  7  30  129  52  1  116  10  31  1  89  0  132  28  0  17  132  107  16  32  14  64  132  12  0  1  132
386.748  319.51  2.04773  -1.352  5  1  8  23  129  36  0  4  129  44  2  2  6  15  86  24  19  6  22  1  129  28  0  15  129  15  30  66  0  0  129  110  14  1  12  6  129  3  0  100  89  30  35  129  5  105  101  69  12  68  1  0  44  101  3  11  129  118  0  12  21  129  10  0
610.922  320.161  2.10729  -2.8976  36  16  22  63  43  55  93  47  10  116  97  28  55  89  39  64  24  60  67  93  116  42  37  97  19  97  116  72  17  86  98  87  38  59  58  5  116  52  22  14  55  97  53  14  10  116  114  7  17  30  46  30  42  24  19  66  69  7  25  45  2  9  90  79
610.922  320.161  2.10729  -0.583156  67  11  41  103  124  30  4  38  16  53  46  18  11  17  55  57  64  124  50  18  124  64  17  43  27  2  80  63  21  45  43  30  124  53  10  99  92  76  97  37  68  12  103  124  71  19  15  41  124  64  2  17  55  33  99  21  61  84  92  13  71  41  14  13
519.604  320.803  2.02675  -0.283701  81  16  41  47  19  34  94  45  98  57  2  31  45  17  93  50  43  42  68  40  46  48  54  69  120  46  12  28  26  34  120  26  19  73  79  48  41  120  33  51  120  83  54  22  20  2  120  113  18  45  61  68  77  64  26  71  95  14  105  41  14  29  120  37
641.944  321.42  1.89944  0.332424  14  32  57  133  78  3  5  133  92  0  0  67  7  2  0  1  36  42  133  95  133  39  4  90  133  20  0  57  33  1  0  3  17  133  109  0  110  133  5  4  133  120  0  5  20  4  0  2  15  47  63  23  70  45  27  67  44  14  20  60  33  0  6  50
641.944  321.42  1.89944  1.26567  3  0  13  47  15  0  3  91  14  0  0  29  2  0  0  1  11  0  99  132  53  0  17  132  132  3  0  127  22  0  11  18  15  33  132  74  132  38  18  83  132  30  1  30  31  3  41  55  6  132  112  13  108  132  17  3  77  75  40  21  9  17  46  113
363.824  322.161  1.98026  1.0578  96  0  0  89  52  2  68  124  5  42  94  85  0  31  17  14  7  2  1  15  72  8  3  54  124  124  15  21  16  124  58  12  15  20  0  0  77  107  7  2  124  38  23  124  82  48  27  124  75  64  1  2  87  124  44  51  4  56  124  47  36  2  17  79
397.382  323.955  2.07924  -0.112175  7  34  141  52  141  54  67  52  105  18  0  24  1  0  1  0  21  0  88  141  141  3  45  141  141  6  0  104  21  1  5  4  6  2  7  39  141  45  2  14  141  73  0  11  23  3  6  1  5  8  27  1  141  11  0  30  141  14  0  41  7  0  20  12
586.19  324.201  1.9193  -0.0189102  16  16  110  46  54  51  13  38  124  25  18  34  10  3  96  69  22  47  124  28  85  28  13  90  124  24  35  33  11  54  124  10  4  62  124  46  62  56  43  43  124  31  10  50  18  49  100  51  3  4  124  73  37  2  13  76  124  4  14  58  22  5  124  63
504.797  326.375  1.93982  1.78122  38  61  36  8  119  59  21  19  26  122  51  21  19  74  40  31  17  62  50  87  72  22  20  122  122  43  39  98  17  38  122  29  14  68  76  60  70  23  27  76  122  35  17  18  23  77  122  1  0  99  99  0  54  122  18  3  122  77  1  0  14  49  29  0
596.125  327.407  2.04526  -2.31334  53  9  17  119  54  88  66  58  16  119  54  1  14  39  39  32  64  16  5  52  119  29  3  65  45  85  54  71  10  118  82  14  70  119  23  0  106  79  59  54  51  2  37  119  94  34  26  62  16  91  37  18  8  75  110  33  39  119  33  20  113  30  6  24
576.554  327.634  2.06913  2.66719  13  27  117  26  5  29  62  17  117  51  6  7  104  34  70  8  6  14  117  65  70  115  32  19  117  117  22  9  41  18  109  85  11  34  99  30  117  35  22  32  103  39  93  40  7  24  117  48  25  37  35  32  117  90  25  12  40  15  111  59  17  21  63  40
362.789  330.781  2.01833  -0.0327691  33  123  50  17  12  99  70  8  57  126  24  3  12  36  67  39  92  8  67  121  86  22  90  96  126  84  81  25  5  37  126  0  15  0  16  65  124  12  15  36  126  21  70  111  6  6  126  51  0  0  5  5  33  0  0  29  36  0  14  126  4  0  38  56
414.504  330.479  2.00591  -2.96358  10  59  50  33  107  28  11  86  135  18  2  43  18  49  66  1  67  70  120  6  135  83  62  9  135  69  0  6  17  8  15  0  79  10  91  116  135  6  82  78  135  4  0  56  12  2  14  2  13  87  12  52  93  85  11  32  135  26  0  31  25  1  1  3
502.095  331.681  2.11938  -1.71758  10  3  15  127  58  0  1  113  10  0  16  33  2  0  13  85  18  35  126  68  127  3  29  86  57  0  127  92  14  5  78  127  19  52  99  44  127  63  40  20  43  45  127  55  20  64  67  21  23  40  48  62  86  39  25  104  48  43  82  77  19  51  46  42
111.724  332.959  2.01532  1.96507  8  13  36  8  2  10  31  13  99  37  1  16  158  37  4  58  10  19  46  7  36  33  58  3  158  158  1  26  158  158  0  75  7  21  64  4  35  23  51  12  158  17  16  158  64  14  3  158  1  13  52  1  13  13  43  11  6  13  49  33  11  1  4  61
568.111  332.685  1.97818  0.176549  15  35  86  28  81  38  5  52  93  29  49  29  3  72  100  14  24  35  121  39  76  27  7  98  121  12  44  50  5  14  121  63  3  95  121  6  61  73  38  41  121  43  39  41  8  42  121  5  4  8  121  20  24  19  71  78  121  23  7  93  33  39  112  16
218.133  334.877  2.05407  -2.69573  3  10  87  107  38  32  25  63  142  84  1  26  109  13  0  8  24  3  35  32  142  117  0  4  142  142  0  0  35  23  0  0  31  0  5  6  142  13  0  75  142  12  0  53  5  0  0  3  4  3  10  2  133  0  0  70  142  0  0  142  34  0  0  31
558.641  336.6  2.05678  -3.10329  1  6  64  97  94  4  17  120  98  8  50  38  5  35  121  4  3  77  121  24  121  82  11  20  121  30  44  5  2  11  121  17  5  26  120  48  109  28  14  78  121  6  32  53  4  29  121  2  3  37  86  13  50  52  38  26  121  17  18  20  9  6  121  7
587.006  337.203  2.03878  -0.0123509  3  30  113  60  58  31  26  54  133  15  17  58  7  23  92  75  6  10  133  51  63  6  11  64  133  10  51  40  11  13  133  47  7  37  133  2  64  61  11  3  133  32  35  6  18  88  133  0  5  41  125  31  31  47  11  72  133  23  3  33  31  58  61  21
409.643  337.937  2.03789  -3.05322  35  0  0  109  20  0  13  56  2  34  128  17  11  29  125  22  53  8  9  128  128  2  1  128  54  55  117  12  0  119  128  0  41  52  59  5  128  76  0  12  82  21  19  1  0  88  128  0  68  16  73  19  128  33  0  14  21  7  3  0  0  6  117  13
615.129  298.01  2.28779  -1.16783  71  113  37  7  81  119  39  6  58  119  27  15  43  37  53  70  46  119  52  22  52  54  92  119  79  46  45  109  23  76  99  21  18  10  52  90  41  68  119  59  119  67  24  19  40  88  56  7  25  58  37  11  63  84  23  14  71  56  20  51  24  4  42  62
615.129  298.01  2.28779  2.67415  96  30  23  24  5  35  74  60  55  58  9  36  64  21  10  26  23  58  82  14  27  55  104  112  112  45  30  60  22  10  105  109  14  20  44  96  33  108  106  49  109  76  54  49  6  22  112  71  9  28  50  85  92  12  23  69  25  7  112  97  25  6  65  112
168.066  299.769  2.6315  -1.77459  4  1  127  27  45  27  23  33  21  14  23  127  1  3  24  120  29  2  127  32  127  89  32  5  7  127  70  13  0  127  33  10  40  0  119  28  127  19  29  50  14  57  85  127  0  45  50  127  31  0  45  11  127  4  52  6  12  6  127  26  10  33  9  29
168.066  299.769  2.6315  0.177885  52  14  5  4  109  77  64  11  10  59  92  4  30  59  4  34  41  31  67  5  123  38  38  32  36  123  113  33  38  110  27  79  29  28  112  21  119  25  13  123  16  18  91  123  1  14  37  108  8  53  69  19  19  123  4  47  18  123  8  26  13  123  1  1
352.936  299.792  2.72159  1.31875  3  1  134  35  62  70  13  2  24  87  59  5  76  2  8  88  22  3  134  18  134  70  18  17  51  104  134  22  5  12  53  12  15  22  65  13  134  16  7  126  29  8  134  134  16  10  45  11  0  134  32  0  4  134  49  14  1  45  59  25  56  16  3  1
524.531  299.806  2.55185  0.0350711  1  0  41  124  90  0  11  124  43  0  0  15  0  0  0  0  6  16  112  68  124  5  12  62  124  2  0  16  3  0  0  5  7  49  124  13  124  49  18  23  96  2  47  124  59  0  3  118  14  18  104  43  124  27  20  44  45  45  124  85  124  28  16  92
632.511  300.422  2.44336  -2.37724  120  46  10  48  72  34  34  49  17  73  76  24  25  59  70  40  57  112  68  33  49  11  73  120  120  36  26  111  34  120  28  12  0  56  120  8  48  93  98  24  120  35  7  68  71  14  20  81  0  43  43  0  7  120  64  0  38  117  29  14  75  62  3  10
632.511  300.422  2.44336  2.90497  0  8  64  39  18  77  78  96  86  118  12  38  15  35  53  29  0  7  118  56  43  37  71  118  118  33  17  94  19  31  91  50  0  37  118  7  74  118  50  17  118  118  26  14  7  63  105  49  0  51  71  3  46  117  37  22  85  38  18  37  3  43  57  64
578.932  300.537  2.35403  -2.94975  2  16  115  23  66  9  20  63  79  19  93  50  7  55  89  2  15  57  115  26  53  57  57  29  115  38  33  25  13  54  115  17  54  55  83  9  21  108  94  40  115  38  30  83  17  16  115  39  59  9  70  50  1  15  115  112  101  7  16  115  72  65  50  18
596.744  301.182  2.43809  -2.8237  6  95  68  9  78  58  37  59  27  31  113  48  7  45  63  24  8  18  102  58  42  21  112  99  113  43  52  53  6  96  98  5  33  53  73  28  22  96  113  42  113  29  26  95  23  31  113  58  45  16  49  19  1  28  113  40  113  17  33  68  77  30  88  20
285.648  303.232  2.67758  0.371827  22  0  108  37  135  0  1  80  82  26  21  20  0  114  35  0  13  10  135  2  135  21  1  13  135  14  0  5  1  8  2  0  11  39  135  0  135  6  7  38  135  2  0  35  2  0  1  3  1  64  135  0  100  16  35  45  135  0  0  135  15  0  12  101
610.581  303.564  2.48099  -0.389087  33  33  108  73  115  115  13  13  84  64  46  26  29  80  26  21  64  112  70  30  115  80  19  29  43  46  115  65  103  43  13  80  113  103  22  41  60  115  53  17  17  51  89  65  64  70  9  30  115  28  3  55  37  6  73  45  21  49  38  28  57  47  8  19
610.581  303.564  2.48099  2.67347  20  18  55  42  21  26  34  65  76  56  21  5  10  40  117  31  15  24  72  70  73  75  20  60  83  32  34  83  13  37  117  86  9  74  117  44  117  73  40  51  32  20  117  91  54  14  66  117  30  21  30  82  50  36  72  69  12  15  117  117  87  84  49  30
626.463  303.477  2.45136  2.7152  21  38  58  99  78  112  20  29  31  69  54  27  8  38  51  16  62  49  36  85  112  34  24  70  14  34  112  88  55  44  16  57  83  112  14  13  91  109  70  21  18  49  104  112  104  50  22  55  70  74  15  17  35  33  48  56  21  99  112  44  94  56  36  29
173.711  304.869  2.54492  -1.86856  10  0  124  35  20  4  124  41  72  64  26  2  3  58  45  15  5  0  124  66  71  3  113  36  124  55  24  34  6  111  51  77  0  0  124  73  86  5  38  14  124  11  76  32  3  1  85  113  0  2  124  27  89  2  6  2  124  4  96  3  16  11  90  4
359.014  304.883  2.55177  -2.16223  7  5  55  85  12  7  26  29  32  88  7  2  49  43  18  52  0  24  34  16  105  16  2  3  130  130  48  12  6  92  130  22  11  130  128  0  111  19  48  13  130  4  69  130  5  2  130  93  5  45  130  20  17  7  107  16  32  0  17  93  27  18  21  27
523.687  306.396  2.58281  0.0564602  2  9  83  60  117  2  10  58  97  0  0  11  2  0  0  2  3  42  117  7  117  40  20  16  105  2  31  117  41  0  4  102  9  22  117  50  117  32  20  54  56  43  117  97  117  31  27  117  25  19  68  32  117  29  17  37  54  35  117  34  81  23  51  93
151.218  307.168  2.66145  -2.86458  3  3  20  81  15  0  26  128  36  36  109  46  1  47  128  0  0  5  43  128  102  6  23  128  128  18  39  34  5  73  128  0  11  86  27  18  123  31  19  17  128  13  6  15  8  50  128  2  12  33  101  17  58  5  37  32  128  0  0  106  26  11  34  77
376.912  307.28  2.71815  1.03933  12  1  10  29  17  22  6  69  46  95  2  45  100  66  6  72  11  5  5  1  129  91  0  2  119  129  3  9  17  129  78  41  16  53  37  0  129  8  4  51  116  13  63  129  0  3  118  129  11  41  129  3  55  1  18  51  50  8  35  129  12  62  38  33
206.692  308.44  2.67173  1.05067  29  4  134  35  116  25  57  11  134  41  53  6  2  31  134  23  26  1  134  49  134  31  24  9  134  55  32  2  0  134  78  0  16  1  116  28  134  2  6  34  134  5  0  18  4  21  3  0  3  0  66  12  134  4  1  8  134  2  0  7  7  0  0  0
332.373  307.882  2.59515  -2.91376  18  27  22  122  87  4  11  122  51  7  122  34  19  8  96  0  4  3  9  64  122  25  2  50  122  30  122  26  19  28  122  2  44  27  15  1  122  122  0  5  99  109  63  2  3  63  122  1  38  12  58  15  122  12  0  48  50  23  18  11  0  61  122  0
332.373  307.882  2.59515  -2.01262  4  59  61  50  4  128  86  27  6  128  49  16  8  62  15  54  15  2  87  128  84  31  18  128  92  128  36  54  6  128  39  0  3  0  99  47  128  8  3  49  128  24  0  76  26  29  3  45  4  5  20  12  46  29  3  25  76  7  3  128  47  0  0  128
424.128  307.422  2.71163  2.89743  2  61  86  2  8  141  63  20  29  141  51  22  141  75  2  2  1  13  50  5  39  19  141  92  141  78  22  45  45  69  0  0  1  0  80  5  81  3  141  20  141  14  11  2  20  2  0  0  0  0  79  5  84  4  141  11  141  12  4  0  10  0  1  0
577.516  308.086  2.24634  -3.05833  8  26  115  5  68  41  38  12  121  20  66  25  2  6  121  57  4  18  121  48  59  15  37  83  121  17  76  80  4  46  121  9  21  60  121  20  45  62  73  24  121  41  26  19  17  63  121  12  28  40  82  12  19  85  75  39  121  37  21  51  14  5  121  40
642.693  307.659  2.63092  0.604177  45  7  20  109  85  0  0  102  13  6  10  7  1  41  69  7  22  36  117  66  125  29  3  85  86  2  0  31  2  19  16  2  28  125  77  13  104  106  61  106  101  1  9  125  59  1  0  42  48  24  42  39  13  59  125  75  125  72  20  87  125  19  0  24
530.539  309.929  2.53321  -0.970984  30  27  28  49  67  87  16  16  79  120  3  10  37  46  0  0  79  102  17  16  55  59  84  120  120  16  10  120  32  3  0  6  33  26  73  120  83  83  102  103  120  104  11  23  39  6  0  0  57  73  53  75  120  55  8  86  110  45  0  54  10  2  2  5
559.31  309.524  2.48797  -3.08654  13  15  107  30  119  19  26  64  110  28  71  25  20  107  107  2  13  10  129  48  129  22  37  76  129  16  8  39  15  88  20  0  23  59  129  8  105  105  28  30  129  35  0  30  21  2  0  2  28  16  119  26  45  7  55  89  129  1  0  69  34  0  0  4
627.629  309.21  2.82453  -2.4257  37  28  41  60  20  76  61  20  60  47  24  33  47  15  34  55  72  25  71  116  116  57  27  59  27  75  114  26  58  34  54  77  54  116  64  10  116  52  53  116  78  45  54  116  32  116  65  19  1  53  75  3  13  56  116  47  116  38  9  59  54  27  20  49
627.629  309.21  2.82453  0.165758  46  33  29  95  47  23  58  74  11  36  111  73  111  17  5  45  36  79  61  43  107  50  40  52  21  111  106  31  104  86  8  54  16  45  77  23  86  41  17  55  22  32  111  107  95  29  40  111  27  15  84  45  69  18  21  59  47  88  89  14  55  111  27  8
627.629  309.21  2.82453  2.3643  2  3  68  64  15  73  115  57  115  78  17  60  46  23  38  52  43  11  59  115  115  115  44  57  51  115  59  34  13  29  84  44  57  115  38  11  115  80  46  51  25  31  79  111  48  57  31  26  59  60  18  17  14  40  115  53  82  54  41  64  56  40  19  46
666.127  310.079  2.29642  2.85151  136  28  3  4  11  1  39  75  50  0  11  94  14  0  0  9  136  27  53  15  32  30  136  136  136  11  25  111  53  0  0  4  73  19  59  31  29  132  136  47  136  99  27  7  51  3  0  0  28  5  114  50  71  22  37  74  117  41  4  5  16  3  3  1
150.447  310.663  2.68607  -2.94053  23  19  2  17  2  2  16  46  2  44  135  15  0  30  112  0  0  0  36  135  55  0  29  135  118  27  98  67  1  57  135  0  3  41  17  90  135  24  9  51  135  24  32  7  4  61  135  0  5  57  67  14  120  14  19  27  135  9  5  29  4  33  115  8
229.892  311.527  2.63596  -1.66464  0  0  16  137  40  0  19  137  96  5  60  60  6  17  137  1  0  9  4  64  96  14  3  46  137  10  39  23  10  23  137  1  7  137  0  0  66  137  0  0  137  101  22  2  8  30  137  0  3  107  0  0  10  102  0  0  10  37  12  0  0  47  106  0
372.538  310.876  2.68315  0.707775  2  9  7  4  66  62  0  0  40  137  2  1  46  137  15  10  14  42  78  2  137  55  2  10  125  137  11  70  1  111  71  96  10  5  125  23  137  2  4  96  60  5  57  137  0  2  54  137  2  6  27  15  38  26  0  19  61  77  27  34  4  61  46  11
513.93  310.697  2.2818  -2.95413  25  29  115  36  53  27  35  99  47  27  79  38  47  48  45  14  47  39  117  28  71  53  91  31  117  86  44  26  91  117  21  0  94  54  91  26  35  79  102  37  117  47  1  46  75  53  0  10  25  59  110  2  23  13  117  38  117  2  1  64  110  0  0  32
604.23  311.001  2.68814  -0.687472  87  100  15  6  44  46  115  74  94  65  41  52  66  109  13  8  54  47  47  113  65  107  92  64  101  115  26  3  59  32  76  37  36  46  115  72  115  49  9  45  37  52  63  36  15  30  55  50  95  50  19  70  106  69  30  29  34  4  43  68  27  41  13  15
604.23  311.001  2.68814  0.913998  100  14  10  67  31  80  35  56  31  53  50  13  35  11  16  29  67  36  47  100  115  25  4  98  47  62  36  44  4  46  70  38  47  115  72  44  104  89  68  68  49  9  51  115  75  28  26  110  97  15  7  91  48  48  108  57  45  115  72  30  44  22  83  88
590.396  312.681  2.64709  0.221079  51  30  33  65  92  12  58  66  43  49  112  32  91  43  2  34  28  42  80  32  112  44  13  63  71  109  92  35  98  46  15  68  24  53  112  15  112  24  9  44  63  30  112  64  76  43  44  101  20  46  112  17  102  22  21  55  103  45  66  38  21  52  70  65
220.097  314.206  2.65243  -1.99519  26  0  0  60  4  0  0  48  2  5  42  17  0  24  137  3  42  0  0  137  57  0  0  137  104  1  38  104  4  1  137  26  5  26  5  27  128  23  0  47  137  22  61  20  9  0  137  27  0  137  29  0  83  137  8  0  99  39  87  10  9  0  137  21
220.097  314.206  2.65243  3.03649  1  2  108  0  134  0  1  7  135  2  0  14  8  0  0  1  1  50  135  0  111  73  2  9  135  22  0  26  20  0  2  9  4  135  64  14  41  135  4  34  99  80  6  73  10  0  38  106  0  13  20  135  1  14  21  135  1  7  21  135  0  9  31  135
573.078  313.857  2.53973  0.180027  74  57  19  17  108  15  75  44  22  21  120  37  87  11  4  57  27  17  82  79  120  19  34  67  30  90  120  14  103  44  9  19  29  91  120  10  120  65  18  16  51  38  120  26  75  13  23  51  13  40  119  17  120  19  9  38  53  54  120  22  34  35  62  34
427.638  315.058  2.45196  -1.51414  7  8  28  122  122  2  5  122  48  0  18  104  0  0  24  122  22  33  84  43  122  32  20  19  41  83  105  84  16  122  26  91  30  32  39  44  122  48  4  38  93  116  23  11  17  122  1  0  67  122  9  1  81  122  0  2  57  31  0  4  1  3  2  9
504.399  314.814  2.46089  -2.03742  47  5  74  110  67  1  31  130  117  0  0  79  7  0  0  4  9  37  130  51  130  48  50  45  130  10  0  31  25  0  0  5  35  22  77  89  98  121  26  57  130  52  0  40  25  1  0  24  23  81  55  25  63  38  21  89  91  7  6  130  36  0  0  130
670.761  314.62  2.45423  0.58928  69  49  13  32  58  34  38  44  15  120  120  12  101  36  50  69  14  58  105  106  120  29  22  120  73  68  91  14  31  120  120  21  1  120  100  4  120  120  47  9  91  24  9  1  1  86  118  0  1  15  6  0  11  57  8  0  12  18  0  0  0  18  15  0
332.535  316.253  2.59239  2.92184  48  68  13  43  43  125  24  54  125  67  6  20  11  20  67  36  33  1  0  105  65  6  2  125  125  7  20  100  14  0  125  80  11  22  10  5  82  81  0  12  125  37  61  19  10  1  125  43  88  38  16  2  84  125  3  0  56  73  108  7  14  2  125  14
524.198  316.121  2.63234  -0.110017  2  14  110  29  96  45  19  21  82  9  29  94  43  0  3  78  26  12  93  48  122  35  23  33  52  46  122  69  122  34  19  80  23  59  62  26  122  56  27  27  48  23  122  85  118  22  34  117  12  41  51  42  80  36  38  42  32  27  122  31  104  41  51  27
524.198  316.121  2.63234  3.03993  53  29  106  40  121  31  31  24  29  43  79  40  54  40  12  42  39  115  117  24  121  76  52  24  22  29  121  57  64  27  24  55  24  85  121  35  121  68  54  45  23  35  121  35  95  51  25  12  4  81  40  0  27  86  89  11  22  20  92  46  114  28  1  14
634.671  316.25  2.64624  -2.48616  36  87  32  11  68  31  31  69  12  54  82  34  35  58  18  8  4  27  121  49  47  22  111  121  121  41  22  100  23  55  70  12  0  64  121  6  40  121  102  12  121  92  28  78  42  25  41  108  0  19  14  2  2  82  75  3  5  33  121  64  98  23  13  68
536.827  316.546  2.35869  -0.794669  63  54  13  9  24  23  96  79  116  8  16  95  46  0  0  6  25  21  80  116  76  52  81  94  116  109  9  9  55  9  0  1  32  51  106  94  116  49  17  81  116  23  5  116  51  2  2  32  63  71  24  21  25  44  100  60  116  49  17  81  94  12  27  34
497.339  318.475  2.57141  -2.28986  134  19  7  59  24  0  6  113  13  0  1  27  0  1  3  2  43  24  113  134  134  7  37  134  134  5  0  89  7  0  0  5  14  40  134  53  134  80  49  18  134  32  0  8  11  0  0  2  71  32  27  68  134  101  16  45  121  32  0  16  4  0  0  4
597.055  318.1  2.77643  -2.49568  102  35  13  57  112  78  42  38  9  104  93  20  54  37  14  50  52  112  60  11  91  36  50  112  97  70  74  55  11  54  102  17  32  79  65  27  36  112  68  17  112  56  54  76  22  74  106  44  47  19  5  25  17  41  66  34  12  37  112  55  93  26  21  52
374.26  319.189  2.53324  -1.12184  14  30  60  32  13  40  30  1  32  124  6  3  2  83  27  13  28  86  69  44  84  47  68  38  130  130  10  11  11  130  123  2  4  9  59  113  130  4  23  37  130  15  7  14  19  9  130  41  10  53  39  11  83  5  17  13  130  0  10  108  14  29  108  76
433.877  318.779  2.49413  -1.65879  17  59  39  61  65  28  70  44  129  39  27  36  10  23  47  129  6  27  88  78  129  56  22  39  129  67  33  21  10  129  48  12  68  129  45  17  78  129  2  1  129  127  0  5  16  39  1  1  56  103  1  34  15  62  4  65  7  24  5  86  0  0  4  86
418.06  319.683  2.67173  -3.02514  69  16  48  56  97  53  82  22  134  47  1  9  15  21  87  3  61  55  25  67  119  58  45  95  134  16  0  41  20  17  74  3  38  134  38  13  75  134  26  35  134  109  0  5  17  8  9  1  5  38  127  23  134  16  64  89  92  13  0  18  2  0  7  0
514.206  319.764  2.42939  -2.72215  23  45  43  37  109  31  24  30  35  25  85  94  32  3  22  109  32  83  80  30  59  34  52  109  44  23  99  71  69  53  54  14  109  40  91  35  30  82  109  36  109  47  29  45  100  109  23  4  106  16  29  78  20  58  109  16  96  42  22  40  109  18  0  38
514.206  319.764  2.42939  2.00727  81  109  17  26  40  110  37  81  30  35  86  77  35  24  45  45  20  25  56  110  35  24  88  110  110  57  38  56  31  110  31  24  37  81  47  30  48  110  43  28  78  49  22  93  89  40  24  87  43  110  15  0  6  100  110  23  12  63  53  60  110  28  3  26
570.933  319.933  2.71828  0.255266  22  35  64  49  112  12  37  70  22  67  102  13  90  30  5  21  14  68  117  23  117  51  14  27  68  46  117  20  72  15  27  50  15  78  117  11  117  42  30  43  86  62  117  34  33  50  89  43  34  32  117  15  60  36  48  47  117  17  79  38  5  19  117  32
392.151  320.629  2.58581  -2.27688  15  14  6  26  13  9  21  51  41  81  7  6  54  127  0  7  0  127  89  0  70  62  32  2  127  127  0  31  48  114  4  59  0  119  109  0  29  127  61  1  83  112  68  91  9  4  31  127  11  17  8  15  1  76  14  0  0  91  127  3  0  77  85  20
392.151  320.629  2.58581  -0.741238  129  0  6  50  113  3  63  44  3  26  129  8  76  76  20  0  89  6  6  43  127  0  35  129  105  81  96  73  86  129  3  0  10  16  46  14  74  38  1  73  129  59  1  24  60  17  0  0  23  9  19  11  129  109  0  0  108  103  0  0  14  6  15  14
544.384  320.953  2.62592  -1.61968  27  49  27  71  45  73  27  114  68  62  30  69  77  62  20  40  43  55  27  90  58  81  34  113  123  84  8  37  42  91  5  0  29  123  17  34  55  123  22  38  123  89  0  21  17  5  0  14  8  57  23  117  30  71  13  123  14  22  26  123  23  0  6  123
544.384  320.953  2.62592  -0.394152  25  26  87  35  120  39  7  32  35  1  0  13  0  0  46  15  75  14  80  92  108  17  28  120  111  1  8  120  16  0  120  47  84  68  58  20  65  41  120  51  120  49  20  45  32  15  120  38  72  20  41  37  94  30  70  55  120  48  56  14  14  5  111  58
577.981  320.708  2.38959  2.98254  21  42  118  9  42  75  59  9  118  83  25  6  18  14  118  32  27  14  118  24  93  37  70  39  118  27  57  40  4  19  118  15  11  15  118  28  78  51  53  20  118  41  75  39  11  5  118  91  2  15  101  54  87  19  11  56  73  16  113  50  10  17  100  35
340.569  323.095  2.61463  1.60152  8  7  41  6  127  29  6  7  32  41  91  55  3  17  41  12  21  6  14  7  131  42  13  4  47  103  131  14  42  31  48  8  17  62  51  0  131  53  7  13  77  121  131  17  57  131  50  3  10  131  30  32  103  131  0  43  48  113  18  31  8  109  50  30
381.658  323.087  2.57313  -1.19039  27  59  46  71  41  25  74  55  132  70  4  10  25  116  86  2  8  24  36  97  97  7  21  32  132  23  4  14  35  7  132  54  23  69  69  29  74  8  37  16  132  1  7  132  30  49  113  111  8  4  28  54  23  46  11  10  100  90  0  40  111  101  3  13
439.908  323.112  2.51797  -0.387798  54  21  8  104  72  20  1  120  42  0  5  24  0  0  120  20  29  25  47  65  128  20  1  86  128  14  19  15  1  0  128  32  17  75  75  9  128  31  15  31  128  3  44  30  1  0  128  37  42  94  59  1  113  38  90  16  128  1  59  33  6  1  128  28
531.776  323.3  2.70991  -3.02735  96  37  51  20  79  53  78  28  120  20  38  26  17  36  36  28  97  22  76  49  82  38  120  56  120  26  36  41  17  36  72  42  70  120  64  5  59  120  111  13  120  56  40  37  20  30  105  22  8  70  16  0  5  76  120  14  99  80  43  37  24  27  68  14
628.412  323.383  2.58285  2.42474  25  1  30  118  33  37  85  69  65  98  67  10  31  37  72  28  72  47  91  113  118  46  14  76  32  47  79  84  37  39  39  36  60  118  52  11  97  101  54  40  23  21  118  85  118  25  35  64  77  27  30  37  11  26  60  79  31  70  60  14  68  67  58  32
640.363  326.508  2.59799  1.2217  10  0  14  103  35  0  0  79  10  0  0  8  7  0  0  4  40  9  91  123  123  11  0  123  57  0  42  73  45  0  19  101  62  123  106  22  123  122  27  33  27  16  94  123  121  9  52  86  38  46  21  59  41  55  43  66  6  106  72  61  60  83  14  29
347.358  327.279  2.50568  -2.15358  79  1  17  48  43  11  50  118  118  43  4  112  43  7  46  118  28  8  5  39  118  44  14  23  118  68  57  66  11  7  118  118  70  45  5  3  107  118  19  28  69  23  104  118  1  0  81  61  33  95  50  12  42  18  56  103  1  1  60  72  21  25  6  6
366.598  327.045  2.46222  -0.0365235  0  62  19  1  47  33  6  3  125  19  5  119  94  5  2  125  27  93  82  41  84  125  41  14  32  97  125  34  56  2  23  125  37  0  42  106  125  20  32  50  48  31  125  32  22  40  50  6  13  0  4  18  93  1  7  100  17  0  87  116  85  24  20  24
366.598  327.045  2.46222  2.87341  34  7  50  75  77  72  36  11  26  125  71  3  0  20  37  1  22  31  23  21  125  38  14  17  62  46  125  44  13  70  66  7  12  125  125  0  125  43  38  81  53  15  83  125  79  86  46  36  1  102  125  36  2  47  125  38  23  0  16  48  54  2  5  88
510.107  326.871  2.41681  -2.67882  48  24  22  58  37  68  47  40  108  115  15  35  87  29  1  54  41  55  50  47  115  46  34  33  39  42  105  115  50  3  23  115  23  98  71  32  83  30  45  115  31  22  115  69  84  50  49  20  70  36  87  30  32  60  84  44  104  43  27  36  87  105  19  2
510.107  326.871  2.41681  0.954666  7  74  72  21  48  43  43  72  109  27  16  92  17  75  44  81  33  17  80  97  85  105  43  29  62  83  107  33  56  38  41  67  44  53  84  24  112  77  12  32  54  59  112  44  32  58  50  38  26  112  35  0  59  112  90  20  39  21  112  82  65  43  9  20
591.129  326.579  2.70348  -0.148519  19  16  90  31  109  33  8  13  57  25  69  62  70  25  21  61  19  33  119  30  119  26  17  26  50  54  119  32  90  62  23  49  15  6  111  78  119  13  19  59  43  18  119  119  89  25  18  119  15  27  83  7  119  37  30  5  21  48  119  21  110  43  18  26
173.668  329.382  2.67841  -1.74288  0  0  11  139  70  0  9  139  135  0  3  48  4  0  116  13  0  22  2  24  122  31  0  25  139  10  8  24  11  0  139  27  7  139  0  0  69  139  0  0  131  91  27  6  6  1  139  38  1  72  0  0  5  63  1  0  4  16  66  12  0  0  139  35
359.199  329.338  2.49088  -2.27399  5  7  2  0  28  13  0  14  51  55  8  25  118  57  10  22  51  118  18  0  75  107  41  2  118  118  20  37  70  50  69  106  118  83  24  71  40  118  118  54  56  27  89  118  2  1  60  107  59  3  13  92  50  18  60  118  5  49  94  33  8  10  11  7
359.199  329.338  2.49088  -0.155689  4  121  64  27  6  121  59  3  20  65  26  0  121  29  6  54  56  13  53  121  71  56  99  121  112  121  60  30  31  89  121  16  19  15  35  39  51  2  23  109  121  24  30  62  39  13  121  48  0  2  37  22  18  0  2  16  72  2  8  112  17  1  53  89
424.358  329.307  2.3556  2.85847  82  1  23  98  19  15  91  80  27  29  81  28  113  8  4  76  32  10  67  64  113  23  28  60  46  51  113  19  113  110  5  3  12  84  88  6  66  51  25  79  113  27  28  59  113  54  0  0  4  113  39  15  9  113  63  15  113  113  11  2  92  21  1  0
559.752  328.952  2.45808  3.00646  77  19  82  15  48  57  80  27  124  51  20  11  13  6  124  21  41  23  124  20  69  30  72  43  124  13  38  40  14  15  124  15  30  12  120  21  68  44  57  22  124  49  53  9  17  8  124  28  13  4  106  59  107  7  26  76  124  16  36  22  9  76  115  2
573.707  327.209  2.74559  -0.0842952  14  50  120  7  120  68  18  7  36  31  116  29  72  29  10  11  28  25  104  39  120  36  36  20  30  43  120  30  120  17  15  28  32  40  111  27  120  30  47  31  20  16  120  90  120  10  15  53  31  27  91  47  120  27  69  35  9  21  120  12  104  22  7  9
573.707  327.209  2.74559  2.93599  19  16  117  20  117  29  16  18  117  28  101  23  47  44  69  37  14  35  117  20  117  103  18  17  66  36  117  35  91  28  51  37  12  23  116  20  117  37  32  30  40  14  117  43  94  46  33  19  20  10  52  41  109  32  48  37  16  6  117  86  117  11  9  44
336.414  329.941  2.62643  -2.90653  59  32  0  14  120  30  5  73  48  70  105  23  86  76  43  7  34  13  7  42  120  38  6  98  120  41  14  36  17  49  118  14  56  85  17  6  97  120  9  36  120  40  8  89  21  2  120  34  26  23  11  89  19  12  26  120  72  2  15  120  83  6  85  41
400.07  330.276  2.61455  -0.0664179  19  7  81  136  136  7  23  112  89  1  2  32  1  0  65  18  18  7  16  74  136  36  4  37  136  23  3  12  2  3  128  10  16  20  53  6  136  9  0  60  136  4  17  54  1  1  136  58  14  25  28  15  115  27  11  36  136  4  16  61  12  50  120  11
500.447  329.815  2.45197  1.96202  85  49  15  27  28  125  41  28  40  39  70  45  60  24  9  45  45  19  19  104  125  34  45  89  47  125  125  20  111  88  11  48  30  112  53  33  125  86  5  14  61  125  55  0  43  125  8  0  15  125  33  0  76  113  0  0  21  15  0  0  2  8  0  1
507.937  329.84  2.5274  -2.64312  72  5  32  44  16  22  71  77  111  65  31  62  108  14  0  17  48  50  36  52  111  95  34  28  91  111  38  105  57  11  8  111  31  71  56  45  111  27  43  71  16  11  111  105  83  19  35  98  44  55  72  30  33  35  64  87  67  41  49  39  91  85  27  1
507.937  329.84  2.5274  1.11444  9  72  54  30  84  61  31  47  59  25  46  93  39  37  31  68  40  18  57  86  113  81  38  35  52  88  113  22  42  51  58  44  54  108  67  15  113  105  50  29  43  30  113  85  70  60  18  29  22  113  19  0  34  88  113  6  59  72  113  21  74  50  19  11
514.315  330.706  2.27515  -2.63466  53  28  39  40  46  12  46  79  32  86  54  45  111  97  7  22  35  57  105  22  79  62  48  54  111  82  33  28  29  40  64  111  50  72  66  36  59  96  60  54  111  14  53  111  6  14  111  53  111  25  20  91  17  64  111  37  48  29  44  88  61  42  37  22
538.805  330.517  2.48242  0.282397  33  28  66  45  53  4  58  116  69  8  65  116  105  8  36  45  19  38  116  27  116  40  52  47  68  72  104  21  116  10  21  50  21  47  116  18  91  36  71  64  51  28  116  54  116  15  32  60  44  28  66  9  41  65  104  17  74  51  57  17  74  28  55  31
538.805  330.517  2.48242  2.93481  19  7  116  25  89  18  69  43  49  15  68  52  107  25  14  21  19  11  116  24  115  71  68  17  51  51  115  26  116  29  17  16  17  12  116  33  116  22  54  44  65  19  107  71  116  24  23  13  8  92  95  1  49  116  52  4  60  80  79  9  105  31  24  8
597.758  332.499  2.57414  -2.56059  52  34  21  59  43  18  46  115  14  62  115  21  35  41  23  13  4  38  115  70  106  23  27  115  115  72  48  46  12  108  83  6  9  115  115  3  69  115  51  5  115  47  24  90  40  47  65  54  20  25  23  55  14  79  77  21  21  87  66  41  97  34  11  27
163.756  332.908  2.68344  -2.05574  18  0  0  86  7  3  1  58  5  21  6  20  0  54  18  1  48  0  0  144  72  0  0  144  144  1  0  133  16  0  26  14  4  25  7  24  128  19  1  54  144  27  1  20  23  1  94  41  0  144  36  0  86  144  11  0  144  58  20  11  5  0  144  73
163.756  332.908  2.68344  3.05359  0  6  101  0  140  0  1  15  140  0  0  27  8  0  18  1  1  40  140  0  123  54  3  13  140  24  0  39  29  1  17  3  10  140  105  0  75  140  1  0  140  137  0  3  20  4  13  2  15  46  7  118  18  51  0  123  9  15  0  110  7  0  6  63
578.475  333.362  2.48907  -3.00249  3  30  97  20  115  13  9  66  80  37  105  39  40  47  67  36  10  24  115  13  115  31  16  31  115  30  95  33  23  38  113  35  19  76  115  3  114  78  33  28  115  44  78  32  4  45  115  7  26  22  110  16  38  42  62  28  115  15  33  46  10  14  111  34
415.016  337.191  2.67431  -2.80971  21  0  1  113  11  0  8  101  7  53  126  28  4  82  126  24  21  41  36  126  77  15  9  126  126  35  33  81  8  126  126  0  29  53  78  30  99  75  62  18  126  28  1  22  17  24  77  1  47  8  25  64  53  18  57  73  126  6  4  63  32  8  17  8
434.286  337.2  2.60471  2.34381  49  32  73  41  111  8  38  95  57  49  31  35  30  33  15  73  18  6  119  29  119  15  48  46  55  4  119  104  119  0  64  86  7  0  119  51  109  12  32  107  35  24  84  104  119  1  61  33  2  50  103  28  87  34  20  26  42  41  64  47  61  66  30  12
498.753  337.272  2.55788  -2.03808  74  0  5  97  19  0  4  117  18  0  1  36  0  1  3  2  106  23  44  66  72  7  98  122  122  3  5  122  12  0  11  75  32  29  69  59  103  62  115  48  122  43  68  78  23  2  88  122  37  21  35  76  94  45  28  52  65  30  119  57  17  42  77  28
532.406  337.588  2.6631  3.05376  110  29  54  20  69  42  110  40  117  42  35  29  18  27  46  30  117  22  67  50  88  30  102  81  117  28  43  46  20  31  83  36  115  57  66  20  90  65  116  35  117  31  48  24  21  40  52  36  88  24  53  30  88  29  103  49  117  25  35  17  13  35  45  34
545.11  336.548  2.62335  -0.0646875  56  27  80  23  58  32  87  29  127  20  27  28  50  8  99  24  61  25  79  39  64  25  115  59  127  18  37  35  60  30  127  9  54  52  81  19  61  55  124  23  127  37  33  18  61  12  127  31  56  20  57  36  47  18  116  31  127  15  29  28  49  45  92  6
571.49  337.181  2.60393  -0.221715  18  11  124  34  92  17  21  29  96  22  84  16  22  22  96  22  12  25  124  42  124  60  31  28  79  21  124  73  35  9  73  81  13  57  124  53  124  67  23  44  45  19  124  29  54  34  44  13  20  75  84  8  68  110  37  6  11  24  124  45  62  32  16  29
571.49  337.181  2.60393  3.10286  69  44  19  19  120  14  38  46  24  7  79  120  98  2  15  79  84  5  29  42  120  23  82  29  33  70  120  50  120  47  13  25  84  68  28  5  120  47  88  17  28  34  120  46  120  16  15  47  70  25  30  28  102  20  73  27  12  29  101  15  120  31  14  10
591.702  337.122  2.34344  -0.00837668  22  27  69  34  129  12  9  40  26  39  109  62  41  33  23  95  20  4  79  62  129  4  17  57  42  13  129  75  50  8  54  103  20  50  83  2  129  40  10  3  60  114  129  0  33  129  54  2  10  21  75  46  129  13  1  48  75  44  70  39  9  62  41  61
672.628  304.621  3.14236  3.05571  52  0  130  4  130  2  19  9  25  0  42  87  38  0  1  38  74  0  130  4  130  8  53  9  57  55  130  62  130  16  3  26  80  0  130  3  130  6  54  16  46  35  83  49  104  19  2  3  67  2  130  1  130  12  53  3  57  22  71  13  75  6  0  7
605.067  311.872  2.87502  -0.660861  95  94  13  2  49  45  101  64  87  79  46  41  73  105  11  9  68  54  46  92  73  111  78  68  97  117  17  3  42  30  71  34  35  38  117  76  117  56  11  47  51  44  65  42  17  30  48  28  117  28  19  98  117  57  30  25  37  6  39  70  36  29  6  14
605.067  311.872  2.87502  0.810291  121  11  4  71  41  60  37  50  30  52  32  16  39  7  11  34  70  57  62  67  121  23  3  86  48  65  47  42  7  30  67  39  60  98  56  51  100  73  79  89  69  9  32  121  51  42  36  91  114  12  4  78  44  55  111  59  50  108  77  48  43  6  63  121
598.617  318.814  2.9537  -2.50264  61  49  55  85  116  64  25  45  19  116  93  15  54  35  22  48  27  116  81  6  100  76  58  83  107  58  56  76  14  65  116  10  44  52  40  40  22  116  89  11  101  88  55  56  28  54  97  53  41  25  7  15  32  31  44  37  4  41  116  36  74  24  25  52
598.617  318.814  2.9537  -0.74869  29  17  53  49  79  112  13  7  50  62  75  36  41  45  41  42  113  66  23  13  74  53  67  93  88  60  55  92  51  113  18  2  112  40  33  88  45  43  113  107  113  69  13  27  45  24  38  34  17  24  113  86  113  41  11  85  98  47  36  21  28  6  24  45
415.494  337.509  2.76956  -2.85774  20  2  1  97  10  0  19  75  2  33  130  30  4  37  112  62  26  19  32  130  91  5  6  130  103  59  84  59  2  130  130  1  10  45  68  26  124  57  28  29  130  27  6  15  10  60  130  0  32  8  18  60  73  15  25  58  130  4  1  41  18  23  59  3
333.201  300.269  4.24624  -2.96294  18  16  1  74  78  12  5  113  47  13  119  30  119  26  28  8  22  71  29  20  119  73  9  18  71  96  119  3  109  22  70  56  26  38  48  70  119  36  14  37  107  59  94  11  12  96  119  17  27  119  1  11  94  119  0  2  56  30  11  1  0  74  59  0
307.237  304.59  4.13376  2.70906  59  60  27  16  32  23  87  55  49  118  14  11  3  118  34  2  18  38  118  18  118  37  77  20  118  93  1  3  2  65  86  8  5  7  118  8  118  6  67  38  118  2  17  47  1  0  111  87  0  33  118  0  106  60  60  5  110  14  68  27  14  25  99  50
392.989  306.979  4.19894  -0.159964  10  9  18  94  121  21  17  59  126  41  0  16  11  8  43  0  45  126  27  5  107  120  50  23  126  18  2  58  26  1  57  3  126  62  15  81  61  114  113  72  126  64  9  17  21  3  53  17  28  11  34  67  78  6  16  126  126  7  9  36  11  1  84  40
554.177  307.063  4.12995  3.10954  54  10  74  20  131  18  61  24  29  72  127  7  59  45  24  10  52  18  107  39  131  37  37  37  73  131  67  1  31  106  81  1  45  29  102  36  131  32  29  51  117  19  15  6  3  78  60  0  61  108  37  18  131  131  11  7  67  16  0  0  0  6  22  0
507.441  307.393  4.03636  -3.03012  87  15  45  15  45  22  32  75  125  40  12  111  95  6  4  23  76  42  87  11  125  86  46  15  125  125  5  5  68  28  1  2  17  106  125  4  125  40  66  36  125  32  0  15  8  2  0  2  0  70  112  0  106  125  39  2  95  30  0  2  4  0  0  0
583.388  308.449  4.13599  -0.100802  36  15  81  109  43  46  101  81  109  59  46  38  62  29  55  24  80  39  109  32  85  40  91  37  109  46  50  37  79  49  54  11  89  53  109  20  85  39  108  15  109  41  37  23  78  48  27  40  75  19  63  11  61  9  109  29  109  6  48  40  76  8  37  57
417.738  311.448  4.02372  3.14052  10  39  70  42  84  35  9  32  123  32  40  2  3  42  123  0  4  123  93  3  97  123  21  14  123  53  27  1  7  57  123  16  15  22  118  5  123  15  82  32  92  9  27  9  2  26  123  29  25  9  84  3  110  11  99  13  104  2  7  12  0  46  118  3
191.853  313.256  4.14791  1.3026  75  1  51  38  132  2  60  31  132  73  15  20  2  132  24  0  78  8  55  12  132  1  80  43  132  4  0  55  21  8  9  2  68  23  58  4  132  34  83  2  132  45  3  23  23  1  3  72  26  27  46  34  132  49  44  4  114  32  87  52  3  3  49  132
306.048  316.099  4.13386  -2.49628  17  1  120  51  45  47  31  25  47  120  9  12  31  82  38  39  16  26  120  6  120  67  14  4  99  111  12  2  1  89  120  1  14  43  120  26  120  23  35  58  104  2  2  112  7  24  87  46  71  30  29  39  32  92  76  27  44  30  19  120  52  8  6  120
448.011  327.258  4.25599  3.02447  23  2  134  1  134  3  29  26  39  26  41  61  27  5  57  77  23  4  134  1  134  16  55  13  40  37  118  80  24  7  58  75  17  4  134  0  134  9  43  8  44  87  134  6  32  91  40  21  10  4  134  0  134  2  30  7  57  38  69  3  38  51  61  14
217.523  333.577  4.06096  -2.96343  12  119  33  18  74  48  19  55  128  13  0  59  22  5  20  4  5  29  128  60  128  56  36  52  128  91  0  12  23  6  5  2  8  25  128  9  128  15  25  42  128  16  1  37  3  0  27  41  0  63  128  0  112  91  38  17  128  15  17  66  2  0  96  108
604.268  337.822  4.30076  -0.210216  69  10  78  20  97  19  55  42  117  21  26  54  25  9  28  21  103  16  95  53  108  30  117  117  117  25  30  83  45  36  21  20  117  36  84  22  96  117  117  27  117  83  27  35  41  11  14  56  95  58  51  17  59  24  53  39  68  19  36  38  55  7  23  44
143.826  298.353  5.41034  -0.11968  25  1  2  0  147  0  23  22  35  2  147  85  16  4  36  80  26  0  2  1  147  18  32  12  43  73  147  20  29  60  37  7  23  0  3  13  147  6  23  20  60  58  147  33  34  62  39  33  30  4  4  38  147  14  6  10  64  147  65  11  6  147  35  36
529.427  300.713  4.68297  -0.485037  0  0  42  51  39  0  18  124  37  0  0  29  3  0  0  4  4  1  124  124  124  24  47  96  124  9  1  19  3  0  19  37  27  18  36  79  124  18  15  80  124  2  15  73  4  0  124  119  14  16  39  23  70  3  51  108  124  0  32  124  15  5  124  102
236.13  305.008  5.06992  0.99576  24  0  0  122  40  3  1  74  14  60  41  7  2  122  73  4  51  37  13  117  122  10  5  122  87  3  1  71  9  27  8  22  71  41  67  13  122  45  54  35  56  14  57  122  89  1  0  122  82  7  31  28  122  79  44  4  6  122  110  23  76  40  37  60
289.562  308.174  5.24191  0.158669  0  26  76  22  70  34  51  60  33  62  112  27  81  23  25  68  2  6  118  13  118  20  79  24  92  79  75  6  39  57  118  16  1  29  118  0  118  25  97  52  79  4  52  118  33  6  118  72  1  25  63  0  13  82  118  26  17  52  32  116  54  54  19  34
155.697  309.593  4.89368  -3.09575  28  99  72  12  128  62  7  29  14  23  128  17  0  24  128  2  11  28  11  128  36  18  5  128  64  16  127  110  2  33  128  0  28  43  5  57  64  26  41  55  128  23  64  39  5  30  128  3  17  2  13  43  31  2  35  52  128  9  20  66  19  22  128  9
155.697  309.593  4.89368  1.76136  43  15  8  13  87  29  39  8  128  13  46  29  9  71  102  45  58  19  3  41  64  52  32  44  128  36  14  24  36  124  35  24  75  121  5  14  65  128  16  45  103  74  30  127  16  3  51  128  19  55  35  94  12  11  50  128  0  3  51  128  0  1  41  93
648.686  309.283  5.08894  -0.028676  74  10  17  69  81  0  18  119  37  32  119  17  48  32  87  3  46  21  69  41  119  41  59  73  118  12  119  17  40  14  117  12  35  31  64  38  119  77  52  58  119  59  86  10  34  94  107  5  36  30  15  36  119  66  12  27  82  34  5  2  1  39  90  0
338.389  312.263  5.103  -2.58544  97  8  0  40  111  35  37  49  40  39  123  14  123  50  9  16  53  38  7  39  96  8  18  123  85  65  103  60  113  43  45  95  19  35  40  42  91  59  22  50  123  65  27  50  24  123  102  21  32  21  57  39  55  51  37  50  123  69  7  39  61  46  15  6
361.39  311.717  5.01876  -1.84793  55  2  0  85  57  1  52  112  87  13  36  112  87  47  0  112  61  44  9  11  36  19  72  46  96  51  38  41  112  26  39  82  63  29  11  40  57  112  74  13  51  47  90  66  112  35  24  30  90  85  5  8  73  73  102  63  20  69  112  30  112  35  6  25
361.39  311.717  5.01876  0.15072  2  7  119  118  9  35  43  119  7  24  51  119  119  21  11  57  18  15  119  53  43  47  59  80  105  95  46  31  77  119  28  32  9  91  112  33  10  96  33  45  107  48  15  60  40  22  30  119  13  43  119  23  4  23  64  63  25  16  24  65  6  11  26  36
378.903  311.874  5.07262  1.56699  8  6  28  126  26  7  32  126  13  13  65  126  4  8  45  126  19  18  73  126  126  42  27  110  44  40  126  70  11  18  57  37  21  37  126  6  116  39  26  96  44  17  78  120  12  35  55  19  32  25  126  10  30  39  69  32  63  24  29  14  6  19  54  15
208.426  313.574  5.26403  1.09866  82  36  26  10  111  34  47  15  75  15  60  120  46  5  7  127  97  5  30  32  127  33  43  22  59  127  103  14  28  127  84  43  45  11  38  15  127  16  21  26  126  53  21  4  2  101  127  0  35  29  42  7  127  69  13  16  68  10  4  79  10  33  21  33
402.436  313.854  5.1306  -0.0897902  41  35  16  68  129  20  3  42  60  10  66  10  60  4  80  4  70  129  35  26  129  91  29  34  115  11  69  17  61  9  99  11  55  15  25  129  129  20  15  114  100  3  101  55  30  4  71  90  13  11  17  28  129  12  4  37  91  14  100  39  20  34  46  16
563.45  313.888  4.7346  3.12309  68  41  57  7  94  19  60  11  110  9  89  10  14  18  74  3  52  20  85  12  88  8  96  57  135  58  54  29  17  135  77  0  34  18  87  22  79  27  106  32  135  35  17  26  54  94  54  1  37  22  67  43  79  118  48  26  135  117  8  12  49  14  7  0
226.62  318.809  5.22719  -3.11138  0  18  102  11  42  20  125  51  125  67  4  16  53  18  11  4  1  13  125  2  88  58  125  9  125  29  5  35  18  3  40  96  4  12  73  19  21  104  125  70  84  42  35  125  5  19  85  125  2  6  95  25  17  18  110  90  33  56  21  79  3  37  37  43
501.686  320.838  5.04265  -2.38998  83  2  1  74  119  7  6  110  20  84  68  29  2  124  124  3  46  8  8  39  124  7  19  124  124  10  4  111  13  51  40  4  66  15  19  51  120  32  32  46  124  29  0  47  22  1  1  9  80  115  6  16  54  114  43  18  124  44  12  77  55  3  0  14
183.735  323.127  5.24835  1.52966  68  2  40  37  130  38  2  60  21  81  30  5  9  121  35  0  46  9  48  18  130  7  12  58  75  3  17  91  6  16  12  129  45  30  38  12  130  28  35  10  41  35  130  130  44  55  21  130  31  63  13  24  130  44  16  5  31  130  73  12  29  130  5  17
148.181  325.088  5.56185  -0.0733681  26  0  2  3  140  10  32  16  29  35  140  14  22  33  22  19  31  0  2  37  140  18  18  20  41  140  87  13  6  140  27  28  43  43  31  18  140  7  1  14  88  40  113  42  58  36  68  117  19  35  71  16  140  9  3  8  89  18  134  6  73  41  97  13
421.458  323.421  4.9437  -2.80973  26  15  44  52  36  2  38  122  45  66  122  47  5  73  120  10  6  26  80  70  73  20  47  62  122  43  50  24  15  122  122  3  68  88  60  27  44  122  53  11  122  46  12  20  20  53  122  7  122  15  12  55  34  59  80  15  95  19  48  44  44  27  40  19
379.145  326.586  4.88699  -1.35  35  10  5  37  58  18  39  21  40  57  46  20  31  29  43  54  43  33  31  12  78  21  24  62  124  124  47  21  17  93  124  15  17  55  73  10  76  40  19  27  124  72  35  50  48  124  106  22  9  124  104  0  92  124  12  8  104  124  1  25  29  122  4  21
327.336  327.453  5.20568  0.347329  50  73  61  38  79  10  82  84  8  38  115  38  16  34  16  32  10  39  115  35  115  33  70  31  24  115  110  10  3  45  47  34  22  11  104  115  115  34  30  34  41  30  115  53  1  25  115  15  52  115  9  20  69  76  91  28  87  19  68  55  17  71  89  1
391.999  327.071  5.10713  -0.305836  56  37  14  34  69  133  45  18  133  84  34  12  103  10  27  9  49  33  28  37  104  22  33  133  133  55  24  65  68  13  54  38  24  14  20  49  76  17  21  43  133  19  14  33  34  3  111  69  18  103  23  3  64  133  4  4  133  100  20  9  16  48  80  16
646.874  328.727  5.06294  0.174195  33  24  69  32  127  25  34  59  69  33  110  14  40  55  81  9  37  34  65  36  127  93  54  60  127  62  25  14  13  103  73  0  70  30  15  59  127  48  19  72  127  11  0  35  7  22  39  0  70  2  19  81  88  5  48  127  127  1  6  127  27  5  11  5
340.606  334.47  4.74015  -3.0079  19  0  30  53  120  3  4  75  69  42  120  48  120  69  31  30  19  51  23  5  120  34  0  19  120  83  47  16  26  45  120  74  16  54  24  34  110  63  0  71  120  19  59  107  40  23  120  39  13  29  49  34  40  44  9  73  120  56  25  57  63  35  103  12
405.4  332.863  5.143  -0.272365  82  44  22  73  125  76  41  48  122  25  28  16  28  5  89  18  34  7  24  73  127  12  5  69  109  5  100  67  37  4  62  96  37  75  11  13  127  81  8  14  72  39  127  46  35  54  38  19  44  127  3  37  85  127  2  24  24  91  65  13  25  76  26  10
614.909  334.097  4.69088  -0.298455  109  19  30  27  125  35  17  53  61  29  28  25  24  15  48  27  119  26  68  98  125  20  37  117  100  38  16  35  36  53  68  34  110  103  87  16  125  118  35  35  97  21  5  71  68  40  15  33  62  26  31  23  79  23  27  42  79  3  16  84  116  11  7  70
170.246  336.313  5.33607  3.08142  14  55  50  11  34  33  76  98  107  14  30  44  3  7  125  4  12  11  107  3  61  48  125  23  125  22  26  25  12  10  125  2  2  7  49  106  28  108  76  88  99  68  14  75  9  9  125  20  6  16  24  119  22  23  3  125  53  9  7  125  38  11  101  28
583.304  337.419  4.59054  -3.06002  27  15  45  10  67  15  116  55  116  6  15  89  48  8  42  68  41  12  87  80  68  26  116  52  116  11  48  69  95  4  54  79  46  97  116  29  73  94  102  16  116  46  62  10  100  11  60  20  15  62  73  4  27  38  91  8  65  9  71  27  92  8  60  41
149.924  326.824  5.97008  -0.0686988  38  0  0  5  141  11  34  13  16  42  120  5  8  36  17  8  45  1  1  39  141  23  14  19  37  141  81  9  7  141  28  17  49  57  38  13  141  10  3  14  85  34  135  44  88  33  55  91  22  26  73  10  141  10  4  6  85  27  135  6  92  53  65  11
502.167  306.831  8.04559  -2.6294  53  1  6  39  119  22  31  61  23  119  119  14  77  64  61  41  72  25  3  41  119  13  0  49  101  71  87  12  31  119  119  22  75  119  8  9  119  119  13  4  112  22  8  5  1  83  112  1  119  40  3  19  26  83  8  0  22  20  9  6  1  7  42  73
194.044  312.345  8.00111  1.26996  13  21  105  61  83  10  8  73  80  37  20  95  30  36  22  120  19  4  110  47  120  7  3  35  120  75  16  24  20  120  82  13  22  33  94  1  103  52  0  3  120  36  16  69  42  30  35  120  14  84  39  44  73  102  1  42  69  87  39  61  34  96  24  60
443.51  311.559  7.76756  3.06199  20  6  117  1  69  6  61  28  36  14  26  96  26  16  106  74  15  12  117  0  117  32  101  4  71  106  60  13  55  71  117  5  2  10  117  0  117  10  108  9  100  28  60  5  50  21  117  9  0  7  117  2  117  6  98  9  77  12  45  19  34  21  86  24
550.505  310.989  7.94791  -2.86826  72  3  14  90  19  13  89  84  81  16  13  53  123  3  0  28  46  34  19  28  128  80  22  39  75  132  25  4  132  73  10  4  7  22  90  11  132  59  11  31  132  132  31  7  57  128  26  0  36  14  79  12  132  81  3  3  88  40  1  0  3  23  3  3
568.246  300.244  10.0032  -2.59037  42  4  19  71  33  23  47  63  88  82  4  24  129  30  4  11  10  79  52  14  127  30  19  45  129  127  2  19  65  95  2  0  0  71  105  0  129  33  79  9  129  28  0  17  21  15  22  19  5  103  66  0  80  129  100  5  129  43  3  22  16  0  87  44
519.078  308.977  10.5229  -2.51984  17  10  19  39  104  15  14  74  44  111  113  25  51  73  59  26  30  25  53  59  120  66  1  46  120  51  31  22  18  120  120  10  111  30  10  42  120  120  1  15  92  82  5  3  9  31  76  54  103  19  38  10  120  16  0  17  14  12  41  27  6  2  120  98
252.082  311.757  10.6663  0.0647634  26  15  17  102  118  13  33  46  18  87  118  10  90  63  21  20  47  77  2  19  118  50  10  16  61  35  118  18  47  45  65  39  52  118  55  7  118  28  65  28  74  48  118  14  25  43  94  79  36  6  72  43  118  3  58  30  89  24  101  12  5  42  118  34
613.233  313.634  10.2852  -0.127423  0  0  122  105  101  7  111  122  122  3  3  61  9  0  59  32  12  4  122  122  122  41  27  30  122  15  0  55  39  6  53  36  18  33  79  30  122  15  12  51  122  14  0  31  80  41  34  4  9  49  82  21  79  40  21  10  122  15  0  41  114  10  37  10
515.037  318.644  10.8139  -2.69155  21  17  15  24  96  13  16  54  48  84  118  24  33  34  52  50  24  14  57  75  118  22  7  69  118  59  79  34  46  104  118  15  92  38  14  38  118  118  6  7  118  80  12  2  17  88  118  6  118  22  28  8  118  60  2  4  20  43  21  17  9  11  76  100
154.469  332.818  10.1218  -0.0594466  34  2  13  6  144  8  34  33  9  48  90  58  25  51  6  46  36  18  28  35  144  40  15  22  60  144  72  7  57  144  24  3  67  65  36  14  144  39  22  8  144  49  94  27  104  46  82  51  59  31  20  16  144  23  7  10  76  15  58  41  17  5  55  82
201.041  330.812  10.7418  1.24732  29  6  32  117  80  24  6  117  31  69  9  117  20  68  8  103  58  4  58  36  117  56  11  31  34  117  83  72  22  33  52  112  54  66  36  4  117  59  10  45  44  57  68  112  4  41  108  11  29  31  6  103  66  36  8  117  34  47  18  117  8  31  49  33
541.454  333.973  10.0995  -1.45771  25  94  8  95  24  82  11  124  69  45  1  124  40  19  11  31  7  9  39  81  31  6  49  124  124  29  1  99  112  20  0  38  31  39  46  44  34  54  107  50  124  13  10  124  115  3  0  124  40  18  21  80  13  25  69  75  34  71  12  37  35  73  8  74
291.657  335.129  9.54867  2.83272  87  15  22  47  36  64  81  42  132  49  3  22  56  24  99  6  96  38  16  17  46  78  27  69  132  51  6  24  49  6  132  24  69  80  28  8  76  130  62  24  132  38  32  14  40  5  132  27  22  49  94  23  75  23  37  53  132  42  37  17  15  4  98  50
624.963  336.418  9.30911  -0.415432  18  9  90  82  123  74  8  21  137  51  0  22  67  0  29  54  34  29  97  24  137  29  1  29  137  39  0  12  77  33  44  15  34  56  82  20  137  54  1  18  137  46  1  21  59  54  87  3  70  79  2  10  66  108  11  3  137  70  10  8  41  10  91  20
125.768  334.996  16.1458  0.0439607  112  21  3  7  103  13  10  12  136  21  26  63  32  30  20  90  136  34  11  1  78  21  52  17  136  63  19  37  59  136  20  20  136  17  27  1  71  36  95  2  136  31  2  9  63  41  37  55  136  3  14  3  58  50  52  0  136  50  12  14  20  14  71  78
369.582  314.003  20.2975  -2.00245  84  6  11  107  50  22  11  122  38  29  34  122  9  52  34  81  38  107  31  65  96  58  30  110  122  59  45  59  10  60  99  92  3  122  48  0  53  122  35  5  122  111  28  17  3  62  116  16  18  53  10  11  16  94  27  5  3  29  56  36  1  12  48  28
369.582  314.003  20.2975  -0.477699  55  40  73  9  53  96  97  11  62  121  15  4  10  49  32  1  26  28  122  48  54  36  60  122  122  26  15  122  28  54  38  3  19  12  122  53  64  35  105  83  122  43  4  44  91  30  5  15  4  11  97  91  122  36  52  36  122  50  0  2  51  10  12  22
539.213  337.173  20.273  -2.27124  10  10  62  79  12  58  27  12  3  118  79  2  27  121  60  3  41  17  10  73  73  15  6  87  86  121  39  15  9  92  69  17  7  88  82  15  121  44  18  48  121  39  62  31  4  22  121  77  1  91  61  1  57  121  35  4  105  47  88  37  2  4  121  46
