ÉJÉÅÉâÇP
[618.6741844506086, 0, 305.7233144165562;
  0, 618.9448982789588, 247.0004511131953;
  0, 0, 1]
[616.5933303077738, 0, 305.2627981223603;
0, 616.3779046334771, 243.0199228792093;
0, 0, 1]
[613.3578676886572, 0, 308.0728333317817;
  0, 613.581560064059, 241.7621304563307;
  0, 0, 1]
[616.8652828544145, 0, 304.6592279221728;
  0, 616.8325325135652, 242.4915742138684;
  0, 0, 1]
 ÉJÉÅÉâÇQ
[619.3816486929654, 0, 326.0761363350985;
  0, 619.6411813829611, 252.2116495087006;
  0, 0, 1]
[616.8665116871371, 0, 327.1392409588869;
0, 616.9105053627033, 250.4391465586268;
0, 0, 1]
[618.1136154367117, 0, 328.3462681158135;
  0, 618.6547848965732, 257.1378535425266;
  0, 0, 1]
[617.9144994379797, 0, 323.8543396966851;
0, 617.1043759655732, 251.5931069187799;
0, 0, 1]
[618.9755236126493, 0, 326.4849317908652;
  0, 618.792336501093, 251.6571509265993;
  0, 0, 1]