1 800 600 0.8
227  64  
1
1
227
366.995  209.233  1.73057  -0.875445  53  11  0  0  144  106  0  0  144  144  1  1  45  57  21  25  98  29  0  0  144  68  0  9  134  46  33  69  5  5  69  90  95  10  0  8  144  2  2  74  69  2  38  144  37  16  15  31  36  6  7  17  144  1  0  47  93  22  3  19  49  7  0  5
311.628  283.992  1.57569  -2.75537  30  45  34  2  112  95  57  0  124  83  0  2  124  55  10  26  101  30  44  1  124  50  82  6  124  25  0  55  59  0  24  124  121  2  48  28  119  1  82  50  75  0  6  124  7  0  39  124  81  0  27  31  38  0  49  51  28  0  31  95  36  0  24  79
321.703  291.589  1.66318  0.444466  67  34  48  0  63  44  128  0  133  56  6  0  76  48  5  0  97  8  87  21  74  12  133  13  133  10  11  4  82  6  14  8  79  0  68  76  65  10  73  31  133  7  6  40  59  0  9  60  59  0  29  127  46  1  3  133  114  0  0  123  33  0  1  103
360.488  298.025  1.66237  -1.8577  40  0  25  35  139  5  0  67  52  10  9  132  0  8  37  95  70  5  42  9  139  92  0  18  68  139  12  33  0  108  56  9  79  11  46  3  139  23  0  50  87  49  15  138  0  33  71  84  61  14  25  2  139  14  0  39  42  8  11  127  0  1  37  89
270.686  305.327  1.68702  2.9555  11  31  18  74  90  7  2  66  55  45  28  20  6  84  89  21  40  0  49  97  133  15  1  38  104  25  6  12  3  21  126  39  90  0  42  49  133  3  0  23  58  1  32  90  0  0  133  133  79  0  7  24  133  0  1  74  18  0  72  133  0  0  123  100
266.043  313.539  1.61411  -1.01733  15  124  45  0  109  124  5  0  54  124  0  0  3  124  10  0  18  104  124  0  124  51  41  5  71  37  6  29  0  21  42  41  7  54  124  8  124  90  66  12  38  13  47  71  0  2  91  111  17  81  29  11  14  124  59  1  3  18  116  24  4  30  74  19
376.563  315.574  1.69722  2.69283  66  1  2  65  146  64  10  52  142  124  2  3  20  41  29  4  67  12  0  6  146  35  0  15  146  32  8  15  13  11  13  40  71  9  0  2  146  4  0  62  146  7  11  92  4  8  38  50  37  15  0  0  107  9  0  55  93  0  0  146  8  0  12  146
252.543  322.164  1.63665  0.125343  4  1  0  0  78  12  0  0  137  96  0  3  59  128  0  45  4  3  1  0  137  14  0  3  137  68  0  46  100  137  1  31  10  12  4  0  137  60  0  1  137  72  2  52  137  5  1  114  19  6  7  0  137  36  0  0  105  99  22  2  54  33  28  39
298.993  322.182  1.66589  1.7267  10  12  48  14  103  3  24  40  147  1  0  46  55  0  0  29  2  12  145  20  101  0  40  77  147  3  0  62  107  3  0  14  0  21  147  3  116  21  62  12  147  39  0  6  106  20  0  0  0  20  139  3  107  28  58  0  147  14  0  6  91  13  0  3
309.298  322.405  1.63596  1.50025  56  4  0  3  112  17  0  7  147  24  0  16  91  77  8  6  57  38  7  5  78  4  18  89  147  9  0  66  147  10  0  12  12  29  68  29  92  13  51  64  147  22  0  22  138  2  0  26  0  5  147  37  116  2  29  63  147  7  0  28  107  2  0  13
325.786  323.45  1.62918  1.05609  96  1  0  42  103  42  8  35  15  76  58  25  5  122  42  0  97  2  0  48  101  6  10  123  123  34  14  102  56  113  44  31  50  45  0  7  70  117  2  33  123  47  11  98  44  3  21  123  76  30  0  4  95  95  3  0  14  123  78  19  44  49  49  58
318.341  330.2  1.6845  -2.89488  1  0  124  66  83  17  30  26  124  46  3  0  6  14  20  3  12  37  124  94  124  28  15  39  122  17  15  38  0  0  31  58  8  105  124  18  124  35  40  52  54  0  39  124  0  0  56  124  2  21  121  92  41  8  38  103  11  0  21  124  0  3  68  64
355.793  330.225  1.67334  1.63335  16  1  103  22  38  19  53  25  137  20  0  5  114  9  0  0  16  0  137  47  69  1  53  91  137  4  0  39  137  6  0  0  14  14  137  22  92  36  65  16  137  40  0  6  137  13  1  0  34  46  36  2  62  137  36  0  137  98  0  0  66  22  9  9
260.167  331.231  1.79141  -0.574771  82  116  1  0  88  133  20  0  133  54  7  1  27  102  77  1  133  108  16  0  57  47  121  0  133  9  10  2  57  27  55  12  76  21  28  4  43  4  133  12  133  5  11  27  95  22  17  14  26  3  25  6  20  14  95  17  133  32  5  31  116  30  0  7
311.638  338.757  1.62483  -2.25573  80  34  55  0  133  27  0  0  62  70  0  0  34  31  4  2  64  49  104  0  133  52  0  7  81  84  17  2  3  16  43  5  31  36  133  3  133  3  3  50  120  8  31  25  0  3  87  25  3  48  133  15  133  1  34  120  133  0  28  96  0  0  122  72
320.453  340.92  1.6944  0.587123  9  60  125  1  62  54  101  45  138  89  2  36  30  125  39  2  6  16  138  3  62  57  117  1  138  31  1  24  68  34  57  24  3  0  138  32  64  2  99  14  138  5  0  13  89  5  7  25  0  0  76  52  73  0  47  32  138  0  0  9  80  1  0  22
237.31  348.631  1.68951  2.87247  114  0  46  30  157  4  0  39  75  5  5  68  10  29  101  10  157  0  35  27  157  18  0  21  93  34  9  34  35  4  75  42  157  1  18  11  157  13  0  25  75  20  38  19  17  6  53  48  149  6  4  7  157  28  0  33  63  30  20  31  2  23  61  11
378.177  349.788  1.65476  -3.00282  11  0  146  35  146  11  27  13  84  46  0  0  11  45  0  0  22  2  146  19  146  7  25  13  146  36  0  19  7  44  4  27  15  59  146  0  146  57  21  21  146  8  0  53  17  33  4  32  6  87  77  0  61  62  93  32  146  3  3  51  22  8  4  36
241.209  358.558  1.76588  2.92435  2  0  44  14  112  30  11  10  66  139  48  0  0  139  129  0  19  0  81  41  139  19  11  19  139  55  21  7  0  104  130  1  38  0  95  40  139  2  6  38  131  4  2  79  22  23  58  25  34  0  69  26  139  2  1  23  109  22  3  19  29  5  20  31
240.502  365.988  1.68987  -1.27597  51  7  0  8  147  71  0  0  147  51  2  0  11  5  62  9  126  11  0  1  147  36  0  18  113  15  14  101  2  1  94  135  109  75  0  0  147  20  1  76  25  2  47  147  0  20  81  147  39  51  0  0  31  20  0  16  8  38  12  23  5  73  11  4
377.337  368.79  1.66152  0.678778  0  47  158  6  158  113  118  7  158  16  0  15  27  12  9  0  0  19  90  1  95  75  116  0  158  20  2  4  48  18  4  0  0  9  63  2  45  37  76  0  158  12  4  16  75  25  2  2  0  53  49  0  11  26  45  0  158  6  3  13  105  11  3  4
327.374  377.934  1.69571  1.76456  43  20  10  21  95  2  0  16  138  17  10  5  12  22  109  7  11  26  46  17  94  6  1  51  138  17  6  38  31  39  129  11  15  1  93  51  138  71  2  20  138  129  7  6  23  22  138  20  60  2  73  48  138  46  0  9  114  57  16  7  1  26  138  2
320.014  381.49  1.70313  -1.49631  132  1  0  25  111  2  0  28  8  4  36  10  0  0  132  52  132  1  0  15  132  4  0  22  25  10  83  28  0  2  132  39  132  19  0  4  132  26  17  26  11  0  132  132  0  8  132  75  132  9  0  10  86  14  48  19  0  13  132  30  1  21  41  12
312.547  398.409  1.69022  1.53465  0  4  139  8  13  25  91  6  149  52  4  4  86  16  40  9  0  4  149  11  38  6  110  34  149  19  4  25  59  6  65  22  0  15  149  11  56  7  114  16  149  22  2  7  49  16  31  6  0  43  149  1  60  44  78  1  149  50  0  0  30  31  9  0
321.393  399.529  1.72089  1.75048  0  3  145  5  39  19  67  6  151  41  1  2  38  30  58  0  0  11  151  7  46  13  65  32  151  12  2  29  59  9  101  11  0  26  151  2  42  48  85  8  151  28  4  22  57  11  91  11  0  19  136  0  19  6  115  18  151  0  7  54  57  5  29  21
340.797  402.432  1.70783  1.3588  0  0  67  59  4  0  27  131  20  0  11  122  2  1  23  23  0  0  131  131  22  0  79  131  131  2  2  131  52  25  12  9  0  0  131  82  67  15  62  54  131  40  0  14  84  12  16  15  4  4  97  41  131  65  15  11  131  84  4  1  18  5  29  34
362.352  403.8  1.65167  0.432949  0  0  95  4  106  0  30  8  191  1  0  12  38  7  8  0  0  0  94  16  131  0  41  11  191  6  0  3  55  7  7  0  2  0  47  49  151  5  28  14  191  22  0  0  51  14  10  0  3  0  8  52  154  1  3  20  191  8  0  1  38  3  9  1
342.228  437.851  1.6444  0.588934  22  24  0  0  91  9  0  0  169  5  0  0  48  2  1  0  7  63  13  0  93  21  10  0  169  9  0  0  52  0  4  10  0  15  49  16  84  3  29  35  169  4  4  129  27  0  59  169  0  0  41  42  15  0  62  108  48  0  37  169  1  0  64  169
311.995  454.361  1.68877  -2.62816  21  2  0  0  145  21  0  0  136  10  24  3  0  0  85  11  42  6  3  0  145  27  0  8  114  7  48  62  0  0  97  69  52  39  1  0  145  32  1  50  45  18  43  145  13  63  34  49  62  123  0  0  62  145  0  4  52  145  1  8  62  145  0  0
256.661  214.501  2.16779  -2.04442  26  1  4  9  106  19  0  2  117  44  4  0  10  20  33  0  47  8  1  1  147  13  0  9  147  16  3  19  49  79  10  0  64  12  3  0  125  30  0  1  147  56  0  4  147  147  0  0  47  30  9  0  105  34  0  0  147  68  0  1  147  147  3  10
377.195  215.201  1.9191  -0.935437  157  8  0  18  173  3  3  107  51  7  22  110  28  23  5  10  122  4  9  30  173  13  0  40  121  29  1  10  42  5  1  9  119  0  15  33  173  4  0  18  104  11  22  8  38  0  4  22  103  1  2  20  173  5  0  9  83  1  39  14  26  0  12  41
231.832  246.101  2.10902  -2.92004  2  13  3  0  14  14  4  0  168  51  0  2  168  10  0  18  6  15  13  0  64  11  16  1  168  53  0  4  168  11  0  26  4  4  25  3  65  0  21  11  168  2  0  86  168  0  0  99  0  0  21  23  15  0  10  28  47  0  6  114  168  0  0  99
314.717  263.724  2.13867  1.16145  60  5  6  18  53  81  15  3  134  69  6  5  75  34  32  10  94  1  1  8  134  72  10  7  99  112  65  17  113  24  23  55  84  1  0  10  134  13  6  21  71  47  89  18  96  74  7  12  39  0  2  44  134  6  1  82  127  92  49  24  130  100  9  0
345.751  265.858  2.13481  1.49562  108  3  0  32  127  52  2  8  18  103  55  4  12  50  29  31  127  25  0  2  127  27  3  12  34  29  127  32  13  47  57  22  127  26  0  3  127  38  3  32  34  90  71  64  106  127  15  8  127  6  0  53  127  27  0  51  50  71  2  57  100  60  0  68
323.407  269.743  2.08145  0.802158  20  60  33  0  115  107  9  0  115  47  3  11  54  46  14  23  65  114  40  0  115  94  23  2  66  50  88  16  115  4  22  49  80  58  74  12  115  43  49  20  87  40  115  20  115  33  61  18  46  41  59  9  73  103  16  4  90  82  35  4  98  76  77  6
303.234  271.949  2.10216  0.7122  31  0  1  18  154  31  0  3  55  26  36  11  29  28  21  6  64  0  0  19  154  18  3  9  83  75  72  1  53  99  13  0  73  0  0  12  154  8  1  11  154  98  23  3  63  154  15  0  68  1  0  4  154  13  0  3  154  72  0  2  63  110  59  7
342.358  272.067  2.11819  2.56775  37  27  33  14  75  20  20  16  140  7  0  19  140  0  6  128  21  90  34  4  55  73  66  8  140  8  7  57  62  0  41  140  66  17  10  107  49  46  88  48  140  28  28  48  9  9  68  124  72  0  0  106  80  2  4  95  36  2  20  108  23  27  19  43
309.248  272.732  1.97302  -2.92392  66  4  31  37  107  5  3  125  25  0  29  125  1  0  125  125  37  0  36  67  38  0  25  125  88  1  31  125  12  0  125  109  17  2  68  44  46  28  16  50  86  10  71  80  3  0  125  100  45  4  37  39  48  21  34  53  3  2  96  110  0  2  92  37
309.248  272.732  1.97302  1.50993  52  61  11  8  40  40  20  31  59  29  1  38  47  54  3  18  121  9  10  42  36  45  50  10  121  51  3  9  80  119  6  5  121  1  0  93  121  76  16  73  121  95  9  10  121  77  2  0  45  0  0  70  121  3  0  121  121  17  1  114  121  20  0  49
297.49  278.4  2.15204  0.784155  41  0  0  12  146  7  3  13  57  56  30  2  36  77  7  0  52  0  0  10  146  3  0  12  146  73  4  2  54  122  28  0  55  0  0  5  146  1  0  14  146  26  0  21  72  46  84  64  34  1  0  4  146  0  0  39  146  0  13  104  14  0  97  146
336.795  285.745  2.20766  0.879648  26  62  11  10  17  137  7  2  3  137  20  0  22  110  20  1  109  7  2  29  137  76  0  16  80  137  7  0  9  137  56  0  137  19  15  16  137  29  0  13  137  29  0  25  36  61  37  12  84  38  34  12  137  11  1  36  108  1  0  65  42  0  16  73
293.308  287.692  2.21817  0.475231  48  8  0  0  135  39  0  0  118  88  2  0  16  81  40  1  91  7  0  2  135  24  0  9  135  47  12  87  11  18  121  121  75  0  0  6  135  1  3  75  46  5  56  135  0  6  77  135  40  8  1  1  103  35  1  24  27  116  35  27  0  117  33  11
327.137  287.758  2.06504  0.630882  26  11  67  5  131  19  8  5  131  41  0  2  61  129  9  0  38  54  74  0  131  51  26  1  131  62  0  2  131  37  0  7  40  37  78  7  131  21  53  19  131  9  0  32  131  0  0  54  22  2  69  53  108  2  32  44  101  0  1  101  75  0  0  105
310.535  291.191  2.14733  -2.21453  1  9  46  52  77  47  8  33  130  130  0  4  77  130  55  0  8  130  21  1  130  130  4  2  130  69  0  35  50  26  104  66  12  113  34  1  70  94  13  5  130  15  7  70  16  0  62  114  5  48  84  1  52  17  36  25  32  6  33  52  6  0  37  68
349.16  290.806  2.05794  2.71929  32  63  63  14  62  87  61  6  90  144  0  0  50  144  0  0  24  0  52  85  125  3  30  50  144  58  0  8  62  87  6  3  10  0  25  58  144  4  4  39  144  9  0  35  48  3  18  76  15  1  22  22  144  2  0  16  144  0  0  66  16  0  21  116
282.648  301.765  2.12438  0.778371  48  0  0  17  110  10  4  66  65  129  23  23  9  130  7  0  40  34  7  2  130  31  0  6  130  68  0  31  24  77  5  34  16  130  55  0  130  83  29  20  130  18  1  44  39  14  42  58  51  130  45  1  30  130  96  1  105  80  20  13  21  68  69  46
288.691  301.445  2.19517  1.16406  61  0  59  119  5  31  119  80  50  119  24  7  84  119  4  0  64  0  17  119  119  92  30  32  90  119  2  10  50  69  41  29  82  1  0  32  119  8  0  48  71  15  3  83  13  3  95  50  34  88  2  6  113  47  3  55  119  8  8  41  31  27  93  25
288.691  301.445  2.19517  2.12349  38  43  68  0  125  18  0  3  92  26  56  13  14  74  124  3  31  81  125  1  125  45  4  17  69  11  38  49  17  40  76  28  6  28  125  87  115  7  20  125  48  0  21  125  42  4  16  119  0  0  27  105  19  0  7  93  50  14  1  125  95  64  1  54
364.279  302.211  2.15485  -1.84303  0  11  124  8  68  1  38  43  130  15  0  73  11  18  21  95  0  28  130  1  119  10  78  8  130  77  1  29  16  92  41  30  0  18  130  26  113  16  83  7  130  6  1  67  14  2  34  104  2  0  99  104  59  4  20  33  52  0  5  117  1  0  11  130
345.729  306.915  2.22846  -2.33093  17  0  30  88  70  0  1  125  95  14  14  56  8  90  41  0  3  0  36  77  121  0  3  89  142  20  0  22  62  87  16  0  13  0  64  71  142  17  1  38  142  20  0  21  98  16  8  30  39  14  45  26  142  42  0  15  132  7  1  113  68  0  2  142
261.643  308.321  2.20752  0.351223  26  1  0  0  139  35  0  0  91  111  40  0  11  87  107  0  42  1  0  0  139  23  0  3  139  49  32  7  3  82  126  1  45  2  0  1  139  8  0  40  132  16  11  138  37  46  36  42  38  0  0  2  139  43  0  16  98  134  0  38  72  76  3  12
280.706  311.221  1.98168  1.15112  116  4  0  21  48  11  1  59  13  3  45  40  9  10  116  41  112  15  0  55  116  4  2  52  41  13  116  39  74  100  80  20  31  116  23  8  116  90  10  13  65  98  60  13  116  116  8  0  14  114  24  2  25  116  25  4  93  116  1  9  107  69  0  4
360.257  313.973  2.16183  1.14378  4  6  133  24  133  17  22  8  133  38  1  22  23  28  9  13  11  13  133  35  133  19  13  5  133  6  0  26  54  15  51  43  9  55  133  0  133  49  4  2  133  4  21  37  37  2  108  133  5  57  90  0  55  64  1  0  73  24  76  34  52  32  93  64
382.275  316.382  2.13274  2.72937  3  0  133  133  45  3  47  133  59  68  46  69  133  61  8  11  1  0  133  113  104  3  10  80  133  67  2  28  82  56  7  7  3  1  32  22  110  9  0  5  133  10  0  37  57  6  14  35  6  5  1  1  57  12  0  3  133  4  0  80  43  0  6  133
257.169  319.638  2.13614  0.133756  17  2  0  0  138  25  0  4  138  17  1  64  23  10  47  43  42  5  0  0  138  84  0  5  129  138  1  47  77  104  7  43  59  16  1  0  138  44  0  34  138  75  2  84  63  69  18  16  87  18  3  0  138  77  6  5  99  31  16  68  78  1  3  75
328.897  319.048  2.17087  0.579508  55  0  0  70  72  8  7  45  6  50  92  5  0  59  45  0  85  7  0  23  121  33  1  23  48  121  84  13  10  71  95  0  53  66  0  1  121  54  1  70  121  87  42  65  11  113  121  2  77  100  0  0  60  121  35  10  121  44  22  104  26  65  96  42
271.649  321.176  2.11005  0.57237  13  49  63  3  16  120  50  1  19  108  40  24  13  123  29  25  36  14  22  123  98  93  17  32  70  123  7  0  34  123  0  0  102  122  0  46  123  93  5  19  123  38  0  37  42  41  0  20  95  17  0  105  48  13  6  108  63  1  2  102  43  0  3  88
271.649  321.176  2.11005  1.77873  32  27  68  12  124  58  14  0  124  20  0  7  21  1  29  28  96  48  11  21  124  59  2  18  124  2  4  91  5  0  49  116  51  117  11  2  91  22  42  98  99  13  6  124  3  6  64  81  13  16  37  91  83  3  97  83  124  6  29  76  7  4  85  97
280.797  321.801  2.05648  1.96587  47  44  98  2  156  7  3  28  156  12  0  8  36  25  28  1  26  55  119  3  156  42  18  5  156  17  0  8  39  2  30  22  39  29  49  35  156  44  17  12  156  2  0  46  16  0  38  77  86  39  1  29  124  37  4  19  89  2  4  116  11  4  26  77
362.12  321.305  2.2448  -1.18209  21  3  118  126  59  28  50  48  1  57  88  6  11  25  49  27  37  73  126  17  126  52  20  17  23  115  95  0  1  116  107  0  6  80  126  2  126  34  30  18  59  46  60  6  6  92  82  1  1  70  126  0  103  61  37  10  49  9  18  35  4  7  77  55
293.69  325.226  2.13079  1.83229  48  1  46  41  155  0  0  77  98  0  1  31  11  10  28  2  42  18  131  20  155  10  3  32  155  14  0  5  27  20  27  0  34  41  148  0  155  16  9  10  155  21  0  6  36  36  34  0  19  29  96  2  155  44  15  0  155  30  0  1  29  11  29  6
337.359  325.004  2.20526  -3.11368  52  5  24  104  39  6  102  57  123  19  8  59  27  43  110  73  123  14  10  95  82  2  96  57  123  15  11  47  38  34  123  101  59  17  2  67  98  3  10  63  123  19  11  41  16  29  123  70  26  0  0  35  106  9  0  24  101  5  11  49  4  0  101  68
380.821  325.784  2.14257  -2.96497  11  5  73  41  61  3  123  62  117  0  21  109  1  5  52  108  6  0  86  123  63  12  123  111  123  18  13  41  10  78  39  10  2  3  113  94  61  43  37  83  123  28  0  33  19  19  8  19  1  0  123  40  45  0  5  85  123  0  0  97  33  3  10  66
308.681  327.003  2.15797  1.42257  73  12  0  4  150  45  0  9  85  144  31  8  32  124  53  17  53  18  18  35  150  12  1  48  150  28  6  9  12  74  77  7  59  5  72  62  150  15  1  22  150  3  0  23  13  2  46  28  89  24  70  23  150  60  0  6  114  21  2  3  8  3  44  5
350.229  327.352  2.14907  2.14011  9  19  115  14  84  4  43  99  131  0  0  104  60  4  21  18  24  14  98  54  55  76  126  35  131  40  1  58  131  3  32  28  56  5  9  51  76  113  29  18  131  127  5  43  73  11  34  114  49  16  0  2  90  21  0  11  58  43  5  53  61  93  8  40
328.388  327.919  2.15999  -0.349984  5  105  32  0  49  72  35  0  100  98  10  3  5  31  70  7  4  69  114  29  98  115  53  11  84  107  65  19  1  5  115  34  24  43  108  68  115  83  19  40  33  34  115  65  22  21  98  27  70  115  10  4  46  115  71  8  4  33  115  23  49  47  35  4
328.388  327.919  2.15999  0.888574  95  19  1  22  19  87  45  13  12  79  59  4  56  35  11  27  106  15  0  68  113  45  12  79  32  113  98  21  27  108  48  10  63  102  3  5  113  61  31  89  113  31  31  113  45  113  27  5  89  69  6  0  14  97  113  10  113  39  27  29  110  36  13  29
366.623  327.997  2.10346  -1.23507  0  41  128  1  88  63  77  9  128  43  24  3  0  64  61  0  0  45  128  0  53  61  128  8  128  19  21  12  9  43  45  1  0  51  128  0  31  98  128  3  128  33  8  13  14  11  23  21  2  29  96  28  2  60  128  53  18  17  44  128  11  0  28  128
233.96  330.678  2.20548  -2.96883  129  0  1  64  86  3  5  129  25  18  47  50  1  31  129  0  55  0  10  57  129  2  0  129  129  4  25  52  10  11  129  3  20  0  16  9  129  10  0  17  129  9  15  62  11  39  129  28  9  0  6  8  84  0  0  51  76  0  0  129  129  84  16  41
252.606  330.679  2.19003  0.228821  11  6  4  0  135  19  0  15  135  55  0  72  54  65  9  31  23  16  24  0  135  58  0  4  135  77  15  57  108  7  7  119  20  37  39  1  135  10  2  34  135  51  34  25  30  39  52  46  3  121  134  0  135  14  28  31  135  2  4  53  12  32  27  8
337.214  331.486  2.23413  -3.10781  3  35  43  14  57  19  34  19  122  0  0  60  55  2  75  97  63  6  24  122  43  9  122  67  122  20  11  73  36  52  122  87  122  16  6  94  76  2  90  59  122  13  11  42  41  32  122  96  42  15  2  47  67  2  7  51  122  12  6  29  14  21  106  50
343.315  331.966  2.06292  0.272711  1  32  111  1  20  79  37  0  3  58  120  26  13  29  33  84  6  58  127  1  127  49  58  2  22  127  127  2  17  127  27  2  7  63  127  17  125  77  51  10  77  101  23  34  7  127  8  12  11  109  85  3  9  63  93  6  51  10  12  54  24  7  1  43
343.315  331.966  2.06292  2.33986  122  0  3  114  122  0  3  69  19  4  89  18  21  5  26  22  122  84  16  30  122  27  7  56  45  3  93  80  83  45  18  8  93  73  3  22  101  35  27  101  91  53  37  100  122  50  1  12  67  13  0  12  68  65  4  23  122  122  3  10  55  64  64  37
322.025  332.725  2.11912  -2.87941  67  4  27  24  3  3  123  41  62  27  57  17  58  62  3  0  74  4  36  121  18  16  123  123  123  22  23  36  60  14  16  28  123  30  19  45  24  102  123  37  123  25  33  70  22  0  42  123  111  3  7  49  14  23  123  78  23  7  49  104  3  0  32  101
386.055  332.946  2.12244  0.576725  7  90  41  10  83  70  2  15  123  37  0  41  74  7  0  18  11  46  123  15  123  68  15  15  123  123  1  1  61  27  0  1  22  95  86  6  123  81  52  30  123  25  12  52  31  5  3  13  55  94  20  0  42  123  104  12  84  23  37  122  84  1  6  91
357.259  335.449  2.20486  1.66809  12  3  96  27  144  7  9  37  144  3  4  16  25  0  31  8  23  2  126  57  144  10  6  44  144  9  7  3  21  1  47  11  28  24  134  34  144  38  8  28  144  16  12  3  16  3  52  10  42  103  34  2  144  143  4  8  96  27  26  37  8  1  34  49
270.983  337.693  1.98992  -0.389376  77  10  64  13  136  1  3  51  136  32  2  6  36  68  18  0  40  18  104  17  136  27  4  53  136  20  0  31  88  21  5  24  16  64  59  1  136  32  14  86  136  3  0  136  105  0  0  118  9  43  35  0  44  58  38  19  135  6  0  52  65  0  0  71
316.784  338.702  2.12504  -2.53584  0  22  123  0  30  31  123  0  99  62  1  0  26  46  0  0  2  24  123  1  69  17  123  2  123  50  4  1  9  28  27  7  18  18  123  51  85  5  123  62  123  1  12  51  5  0  72  72  27  25  76  88  42  98  119  30  104  12  25  103  2  0  88  100
234.487  339.423  2.09356  2.16112  12  8  35  59  108  87  6  13  125  125  0  0  62  36  2  3  76  20  2  5  125  92  0  9  107  79  16  11  21  4  27  34  69  113  0  0  125  77  0  19  84  12  36  41  2  0  95  85  66  120  0  7  57  99  13  40  16  12  86  125  0  0  104  119
287.185  339.261  2.06762  -1.56532  44  75  46  0  135  104  0  0  135  87  1  0  24  54  48  6  62  63  44  0  135  43  0  3  135  24  8  33  13  5  135  74  59  30  24  1  135  24  0  2  135  4  20  54  4  0  135  87  67  6  5  15  111  7  0  8  72  1  32  28  0  0  135  48
326.995  339.19  2.12014  0.759109  124  32  2  48  34  74  80  54  16  123  59  4  18  42  17  24  47  55  78  67  124  57  14  95  52  124  52  3  0  113  71  0  16  64  124  1  124  33  16  29  121  45  38  38  1  92  65  0  3  6  117  14  124  1  25  26  124  2  1  39  25  28  23  17
271.519  343.987  2.02049  -1.09756  26  37  10  0  6  23  95  25  130  81  29  18  130  64  0  1  13  41  44  1  41  33  109  18  130  124  5  18  130  107  0  4  6  55  82  0  47  61  100  5  130  40  0  19  130  9  0  18  11  82  68  0  28  83  75  0  130  23  0  2  130  0  0  31
382.846  348.631  2.25008  -2.98128  17  0  28  8  20  0  153  55  153  17  34  24  45  42  0  0  16  0  59  6  43  11  153  23  153  18  37  22  71  37  1  23  13  2  45  4  17  105  153  1  153  70  48  39  109  11  1  42  2  0  16  5  7  40  84  7  74  23  153  41  100  0  9  84
382.846  348.631  2.25008  0.060182  9  86  70  0  107  55  132  7  128  15  7  34  20  12  3  1  1  32  79  17  31  35  151  48  151  3  27  113  64  5  11  3  1  18  55  50  25  13  151  33  151  35  57  12  73  8  16  0  0  0  44  42  37  26  151  25  151  68  19  0  27  7  17  0
338.351  352.394  2.22246  2.93389  13  2  9  44  26  32  45  41  52  151  26  1  11  151  30  0  1  3  42  10  108  4  13  24  151  60  0  5  75  151  28  3  3  11  66  26  148  3  14  24  151  8  0  3  109  12  34  31  9  32  85  16  138  16  26  18  151  14  1  20  58  12  87  58
325.825  354.379  2.02789  -1.24835  123  20  2  33  29  119  15  1  2  129  23  0  3  129  23  7  129  12  0  14  129  77  1  2  11  129  13  3  8  123  13  18  129  9  0  14  129  13  2  55  12  15  42  86  1  2  43  100  129  0  0  56  99  0  3  93  4  0  44  120  0  0  43  85
325.825  354.379  2.02789  0.0763902  94  39  6  10  129  42  2  2  19  16  91  4  0  23  117  0  129  50  0  2  129  26  2  9  18  31  88  11  0  27  129  1  63  12  1  87  91  1  1  129  15  2  49  129  0  6  98  66  14  0  22  129  62  0  0  129  17  0  9  129  1  0  41  129
312.639  355.906  2.14878  0.581149  0  0  78  53  128  0  30  27  128  0  0  22  46  11  17  40  4  0  98  36  128  5  26  20  128  1  11  78  17  0  28  128  5  62  62  10  128  54  18  20  41  0  109  128  1  1  82  128  1  102  18  0  7  86  58  9  1  71  128  49  17  113  58  35
335.675  367.685  2.27867  -1.75336  7  3  129  53  16  30  74  42  133  102  7  1  133  81  0  0  1  5  133  29  46  19  51  29  133  26  0  21  133  17  0  34  0  85  79  2  36  133  41  5  133  86  1  15  77  1  4  102  3  114  14  0  6  133  8  0  21  90  30  5  4  7  20  24
238.97  371.217  2.17173  -1.14912  1  0  3  13  73  6  1  18  159  74  0  0  118  41  27  4  0  1  13  10  159  8  1  11  159  23  1  47  77  5  63  144  6  68  8  0  133  103  0  1  159  30  4  84  18  19  59  151  8  110  6  1  58  90  0  0  53  38  0  4  18  39  2  3
318.307  375.768  2.18809  1.90973  8  24  53  8  103  9  2  29  114  25  35  16  1  20  133  2  12  4  133  31  133  34  9  23  129  65  47  4  0  42  133  0  20  30  133  17  133  23  10  24  133  13  17  14  0  52  105  0  7  84  102  2  133  114  8  0  80  50  11  0  0  16  47  2
302.055  381.811  2.13446  -1.81786  107  0  0  68  131  2  0  19  66  20  3  2  1  33  12  0  144  3  1  46  144  12  0  9  139  11  0  9  12  28  23  0  144  18  0  6  144  32  0  2  117  12  2  27  17  4  43  90  144  23  0  0  144  10  5  3  15  1  81  97  12  0  92  144
329.243  382.486  2.09984  1.72412  28  0  6  96  101  2  0  47  35  6  68  17  0  0  133  28  58  14  9  20  133  11  1  16  59  33  133  8  0  7  133  9  42  12  33  32  133  53  1  18  73  30  133  15  0  11  133  8  133  19  25  26  133  92  7  1  16  34  133  6  0  16  133  3
318.214  386.275  2.13398  -1.56899  74  5  52  11  138  3  0  33  120  6  0  18  18  1  30  38  84  16  57  7  138  5  0  15  138  3  4  22  11  2  138  32  88  8  39  16  138  26  0  4  138  20  29  42  6  1  138  115  81  14  15  4  138  19  0  7  74  8  94  26  0  8  127  36
330.542  388.196  2.03302  -1.50331  66  6  36  15  135  15  0  7  135  18  20  24  7  0  128  94  93  14  30  7  135  17  0  10  135  11  78  31  0  11  135  30  123  16  13  3  135  36  0  3  115  15  68  25  0  9  135  13  110  44  3  0  135  49  0  1  33  19  45  8  0  50  71  1
302.744  402.393  2.1431  1.83862  76  9  86  25  145  4  11  61  20  71  67  4  18  67  16  0  54  65  145  4  145  20  5  21  86  60  22  2  0  48  61  0  17  145  145  0  145  119  16  7  93  7  14  35  0  4  79  9  0  111  70  0  25  145  27  1  21  28  13  14  0  0  43  15
316.329  402.874  2.12136  1.63082  9  3  111  13  140  29  7  5  81  26  97  6  13  2  105  19  19  21  130  6  140  35  9  9  79  10  140  12  37  23  122  5  21  5  140  15  140  5  13  34  67  20  99  15  23  62  65  0  17  29  140  1  140  27  9  2  67  42  20  0  1  49  33  0
324.499  404.336  2.09324  1.78946  5  1  120  9  130  12  13  6  88  20  35  6  1  1  61  24  8  7  130  4  130  31  13  7  109  41  96  3  13  4  130  12  6  17  130  6  130  12  12  21  130  10  111  10  22  20  130  1  1  24  119  1  130  10  24  30  115  8  49  27  8  43  78  0
340.381  408.271  2.17299  1.45545  2  0  49  133  22  0  28  133  5  6  33  27  19  1  7  48  23  0  127  133  133  7  6  133  67  31  42  12  1  6  50  16  72  18  101  46  133  68  5  12  62  7  59  63  0  0  57  52  133  65  33  10  133  110  45  5  7  6  124  66  21  3  14  47
307.34  425.974  2.2486  1.53285  114  69  44  1  141  69  0  0  79  60  37  1  0  7  118  10  57  95  29  0  141  31  0  2  97  36  69  2  0  27  141  2  18  29  80  2  141  4  4  11  108  5  52  22  0  6  141  23  17  1  66  11  141  4  2  6  79  0  39  33  0  0  141  56
343.577  442.239  2.16342  -1.10851  83  0  0  57  72  2  0  47  12  4  24  30  0  12  38  2  106  0  0  58  160  83  0  30  25  160  20  5  0  152  24  0  104  0  0  9  160  34  0  44  92  135  10  11  0  154  18  0  49  0  0  4  160  2  0  35  141  1  0  16  1  2  2  8
338.855  447.146  2.19123  -1.19274  65  0  0  31  138  0  0  64  96  0  0  47  21  0  19  31  27  1  0  14  144  1  0  86  171  60  0  53  27  101  17  16  9  5  0  0  147  3  0  9  171  78  1  18  65  171  25  2  5  1  0  0  94  1  0  5  171  4  0  29  105  9  1  9
349.047  449.479  2.1749  -1.23808  11  2  0  2  143  7  0  19  165  104  4  6  6  127  25  1  8  2  0  0  165  3  0  7  165  30  1  19  27  79  15  2  9  1  0  0  165  17  0  2  165  29  0  6  35  1  0  8  15  8  0  0  165  79  0  0  165  61  0  1  9  0  0  6
371.291  218.385  2.32039  -1.11434  40  16  2  0  132  51  0  0  155  115  0  9  96  89  9  49  71  37  0  0  155  24  0  8  155  14  0  51  67  9  6  81  57  18  1  11  155  8  1  23  155  37  0  4  76  17  0  4  11  3  11  18  155  15  0  15  155  29  2  1  31  2  3  13
381.108  225.861  2.70229  -0.914497  69  21  0  1  156  7  1  29  165  6  0  40  60  7  0  11  39  25  9  12  159  1  4  54  165  3  2  23  53  1  9  31  7  9  50  11  165  24  10  16  165  30  9  22  25  0  40  83  11  4  23  16  165  66  5  0  165  29  12  32  2  0  36  49
338.175  292.666  2.51625  0.684574  66  42  3  3  23  127  21  0  6  127  51  0  41  56  13  5  127  26  0  0  127  98  2  0  23  127  75  0  2  127  125  3  127  16  2  9  127  9  0  33  54  20  54  44  0  15  127  26  84  0  4  42  74  0  0  99  45  0  22  110  0  7  127  28
298.423  295.973  2.42959  -1.47761  3  60  38  3  4  69  112  8  22  130  19  0  1  121  33  0  9  9  95  51  46  6  119  88  130  90  10  11  21  130  77  0  7  0  130  78  103  0  66  60  130  18  1  43  43  38  79  40  0  4  101  34  69  25  23  14  130  13  0  63  35  0  19  81
307.037  296.522  2.3042  -1.69431  21  2  89  75  17  1  100  124  135  47  10  26  66  122  46  0  3  0  135  109  88  6  55  58  135  40  0  23  102  43  56  42  1  24  89  22  92  83  14  4  135  33  0  52  74  0  21  110  12  78  18  0  48  123  2  0  50  44  3  8  22  4  8  39
356.47  304.858  2.33261  -2.0816  14  11  63  23  25  0  25  73  132  0  0  53  132  3  0  43  0  4  132  15  62  1  67  57  132  4  0  53  96  0  2  132  0  5  132  14  115  24  71  13  132  86  3  15  13  40  39  54  3  2  132  56  132  24  26  7  132  23  4  43  3  15  50  42
370.642  312.142  2.31507  1.35951  0  65  18  0  35  105  7  0  54  130  0  0  36  130  19  1  13  36  94  2  130  83  8  4  124  130  0  7  8  125  33  4  19  12  130  7  130  3  10  35  130  2  0  43  21  3  58  33  9  19  126  7  130  8  8  15  130  0  8  40  18  0  76  67
286.782  317.748  2.42221  2.01852  37  43  89  1  123  32  77  24  150  0  0  39  91  15  5  3  43  23  61  6  70  71  128  5  150  14  5  21  150  9  3  6  21  3  17  65  36  46  66  26  150  30  9  12  143  1  4  39  31  5  1  100  84  25  3  49  150  24  2  21  63  0  5  82
351.175  327.669  2.32255  2.17173  7  18  101  11  127  2  27  101  135  0  0  99  32  6  26  13  15  10  111  50  85  46  111  63  135  19  0  87  100  1  42  35  54  5  16  65  82  113  36  12  135  94  2  38  70  6  26  97  57  22  0  5  107  23  0  8  77  46  1  40  76  88  3  31
316.512  329.178  2.47333  1.52641  58  2  0  106  89  16  4  125  55  28  34  132  120  30  2  84  104  9  0  24  132  70  2  23  53  132  44  30  73  65  27  77  85  10  6  27  132  7  0  40  121  58  21  12  2  68  105  7  47  6  50  35  132  1  0  29  107  1  6  23  2  6  67  11
234.412  331.248  2.31077  -3.0514  115  0  14  43  128  1  1  102  21  13  43  51  1  27  128  1  48  1  36  37  128  1  0  128  128  3  18  77  13  5  128  6  18  0  35  12  128  9  0  18  128  11  14  44  11  22  128  24  10  0  12  9  93  0  0  45  110  0  1  120  121  105  30  26
264.677  338.183  2.57502  -0.570349  132  98  10  0  103  121  29  0  132  43  11  1  37  106  24  0  132  79  6  1  68  18  90  15  132  14  9  23  132  63  4  1  91  40  5  0  37  47  71  5  132  34  8  37  132  14  0  43  47  29  0  0  15  56  43  1  105  30  18  30  116  0  0  64
373.984  338.317  2.61258  1.50803  72  47  14  45  127  29  1  136  18  31  50  136  16  54  36  136  20  130  33  14  126  136  0  33  54  136  12  22  6  136  41  7  38  5  66  46  136  20  1  28  97  39  11  5  11  28  40  4  65  4  47  40  136  25  0  3  58  6  16  9  6  0  20  13
373.984  338.317  2.61258  2.76754  4  24  127  22  127  88  51  9  93  64  3  5  1  38  12  5  27  8  127  94  127  26  31  40  70  19  3  59  4  12  17  21  91  15  54  127  127  8  14  115  67  0  4  127  56  4  3  126  106  54  4  8  34  47  43  20  24  36  45  83  54  4  12  127
341.18  342.718  2.68656  2.87789  1  7  12  5  12  1  31  16  129  22  1  7  92  98  10  1  12  24  31  30  33  14  73  20  129  13  1  6  129  14  22  18  115  3  13  129  58  12  91  63  129  10  6  56  91  6  76  129  129  23  4  63  96  9  40  68  129  40  33  40  33  21  109  101
230.512  355.628  2.46578  -0.430271  29  2  0  0  149  33  0  0  102  24  8  2  4  29  130  9  56  0  0  3  149  20  0  0  87  36  25  3  1  2  149  21  56  0  0  6  149  3  0  33  114  22  52  21  0  12  149  12  16  0  1  12  149  0  0  89  128  1  32  116  4  7  140  38
348.522  366.714  2.54388  -0.172136  1  1  143  115  12  30  81  15  26  20  3  4  8  3  1  16  70  0  25  147  147  45  11  75  25  125  43  1  0  38  44  14  147  67  9  53  147  24  0  18  73  53  38  16  0  54  120  10  64  131  10  0  147  44  0  6  36  0  27  46  0  1  86  54
303.769  395.203  2.43036  -1.99056  25  18  9  4  14  5  39  44  90  0  2  57  63  7  0  10  28  1  51  57  34  0  127  136  136  4  5  80  136  9  0  6  16  4  136  61  93  22  108  72  136  43  0  8  136  26  0  0  9  4  124  60  122  51  24  8  136  54  0  0  73  17  4  11
318.924  412.795  2.29116  -1.51376  0  3  115  6  22  0  29  67  63  1  20  71  5  7  138  17  0  0  138  30  35  0  109  70  138  6  20  38  22  17  138  11  0  0  138  50  66  10  103  35  138  18  28  10  19  2  138  27  0  3  98  22  56  39  27  3  124  16  34  25  7  0  138  52
312.421  446.8  2.4147  -1.47814  0  42  41  1  44  35  38  0  146  21  0  0  146  8  0  3  35  13  30  87  59  18  71  21  146  7  1  6  146  0  0  24  60  0  3  134  127  2  13  83  146  7  0  3  146  2  0  9  25  0  0  12  146  1  0  20  146  5  0  3  116  4  0  1
257.703  305.359  3.27903  0.410645  1  0  5  2  57  6  0  4  120  118  12  0  30  126  44  0  1  1  9  0  134  5  1  1  157  88  11  6  42  157  102  3  1  6  19  0  131  1  1  5  157  14  1  58  93  72  28  36  0  51  54  0  82  12  7  4  157  20  0  32  133  40  0  42
300.079  311.797  3.27391  2.21334  8  0  45  61  71  1  3  67  119  1  7  125  102  1  3  87  25  7  75  42  125  19  14  25  79  52  85  54  125  5  5  93  20  105  118  2  125  29  16  6  64  66  87  7  125  34  25  31  5  48  118  45  92  21  35  53  36  5  15  98  88  15  8  27
266.469  318.347  3.01842  0.898299  101  74  3  8  31  117  24  1  45  88  9  4  45  117  14  4  117  5  0  75  79  49  18  76  103  98  5  11  96  108  0  12  111  0  0  65  117  5  0  107  117  14  0  72  51  2  0  117  31  4  0  16  117  0  0  88  81  2  0  110  10  8  3  95
299.456  321.088  3.41262  1.71334  51  4  9  43  138  4  1  40  149  30  2  45  18  48  55  10  125  54  15  6  105  27  79  41  149  6  3  64  55  12  42  11  116  61  25  5  88  44  149  5  149  53  7  3  67  34  48  0  63  5  5  60  80  41  46  16  149  63  2  4  38  14  64  20
251.154  323.131  3.28863  0.353862  0  4  12  0  86  1  0  1  138  13  1  29  51  48  24  19  0  52  54  0  103  11  7  2  138  30  0  28  124  50  0  33  2  138  138  0  80  42  60  2  138  19  0  29  89  9  3  87  26  94  138  3  26  138  108  2  138  20  13  41  48  17  7  23
325.058  323.923  3.1149  0.596571  56  2  0  70  115  3  1  63  42  58  61  10  1  80  46  0  56  66  1  6  115  54  0  12  115  65  32  13  15  97  79  0  97  82  3  12  115  115  14  0  115  68  34  32  51  106  58  11  115  115  0  2  66  100  48  5  88  45  89  8  115  60  18  4
368.411  331.446  3.28262  1.51299  62  132  2  0  58  132  18  18  120  84  2  77  17  111  32  67  107  46  6  23  38  56  61  38  132  79  4  19  53  120  7  2  114  1  14  57  92  4  77  76  132  25  3  11  49  4  9  14  57  31  11  12  107  97  33  17  132  57  4  10  14  1  12  21
376.365  352.259  3.25711  -2.96207  7  0  99  62  74  6  67  66  86  19  0  15  29  6  1  49  15  1  140  49  140  30  66  37  86  76  3  1  5  28  11  1  12  46  140  4  140  46  66  39  104  8  10  77  0  11  16  84  0  19  91  35  72  18  116  97  62  2  31  140  0  7  32  140
239.921  363.463  3.43939  -1.0345  18  3  0  2  136  92  0  0  127  123  12  6  11  17  116  49  66  3  1  12  136  58  4  20  71  29  132  93  5  19  136  115  70  34  4  6  136  15  8  81  27  28  109  126  23  88  40  18  31  83  2  0  83  46  0  6  20  47  3  5  13  49  0  0
305.942  374.159  3.37389  2.53015  127  13  11  65  54  126  62  20  3  128  86  1  48  128  16  10  123  77  86  63  128  41  7  62  22  128  48  1  3  128  32  0  38  128  105  26  128  62  4  12  39  19  23  25  0  15  51  17  27  35  26  48  128  11  0  20  26  4  22  13  0  0  50  11
353.653  420.289  3.28746  0.504135  81  4  2  119  97  0  10  58  167  2  1  10  18  12  21  0  90  59  4  26  145  2  5  47  167  3  0  15  33  9  19  0  23  11  5  68  167  9  4  25  167  25  0  1  32  10  17  0  23  88  1  8  163  53  2  3  167  26  1  15  16  5  15  34
345.383  433.027  3.26722  0.611033  24  18  5  23  100  0  4  22  155  1  0  12  17  5  9  0  20  18  1  40  146  16  0  12  155  4  0  2  26  6  12  6  22  110  4  2  86  58  15  21  155  3  12  148  15  0  41  155  2  17  28  48  7  3  79  119  26  0  59  155  1  0  45  155
380.636  227.963  4.25705  -0.941968  16  16  14  2  167  30  0  6  167  36  1  46  33  10  14  26  30  40  13  1  167  18  2  22  167  1  0  38  48  0  33  70  25  16  10  15  167  39  13  11  167  29  9  50  11  0  50  122  36  12  1  17  167  81  0  3  95  23  13  27  1  1  27  31
228.863  229.696  4.3103  -3.00555  7  12  1  2  178  22  0  13  178  7  0  19  23  1  6  9  7  0  4  26  178  2  2  62  178  1  0  51  53  6  4  4  12  31  0  6  171  44  0  6  178  11  0  16  67  0  2  13  11  67  5  0  101  39  4  4  178  5  0  17  57  0  0  16
337.462  264.339  4.23803  1.38872  41  16  0  19  137  20  0  7  79  94  20  0  54  87  10  0  58  25  1  17  137  23  0  11  137  60  14  5  137  137  7  3  33  73  1  1  137  51  0  11  137  20  0  34  137  44  0  85  30  16  12  6  137  28  0  14  121  44  0  5  93  44  15  50
350.107  265.502  4.26921  1.60954  31  10  12  33  35  91  10  1  26  127  11  0  93  127  0  1  76  12  0  21  127  43  1  15  55  121  20  0  127  89  2  10  65  5  0  34  127  3  0  23  127  57  12  13  127  127  1  26  35  39  0  4  127  20  0  29  127  7  0  43  127  7  0  96
299.953  286.284  4.46858  0.6754  31  0  5  38  130  39  0  4  29  81  4  0  85  31  3  3  72  1  2  10  130  51  2  14  60  98  110  59  57  9  41  102  53  11  1  5  130  10  8  99  42  71  130  130  41  84  35  79  44  71  2  1  130  91  5  12  65  123  26  23  28  105  34  27
351.363  290.571  3.67201  2.57302  95  53  0  0  31  129  20  19  36  129  10  37  83  91  0  11  129  17  0  12  84  50  12  53  129  129  6  7  53  129  28  3  101  12  0  14  124  2  0  50  129  16  1  59  34  17  64  103  42  23  0  7  69  17  1  10  106  0  2  107  7  0  19  129
304.763  299.544  4.34441  -1.64392  24  4  115  71  13  47  108  26  4  97  83  12  0  52  32  2  67  10  115  44  62  8  112  106  115  115  53  24  4  115  115  2  7  22  115  21  73  59  75  42  115  29  19  59  7  21  108  42  2  80  86  4  31  115  14  0  22  77  36  12  0  6  40  18
289.122  304.505  4.18172  0.950826  112  1  0  33  89  14  67  90  10  35  111  69  48  37  2  34  72  8  0  34  112  28  19  82  48  112  38  19  53  72  33  18  67  82  0  3  112  111  1  8  68  74  36  26  107  112  28  12  112  27  0  36  82  112  5  29  101  112  2  6  69  112  9  16
266.007  306.797  4.34653  0.459736  13  0  2  5  42  53  3  1  79  79  9  4  76  60  14  33  32  1  4  2  147  87  6  3  82  147  55  1  63  90  19  18  31  7  13  1  147  9  0  32  147  110  21  22  39  147  14  5  11  70  64  0  147  10  5  21  147  16  0  70  79  35  1  95
348.912  309.153  4.31477  -2.45073  7  4  51  117  49  0  13  117  32  14  115  66  0  51  103  17  10  48  62  62  86  5  23  116  117  48  21  39  9  114  94  1  8  14  103  73  117  31  42  38  117  17  6  94  21  14  98  91  41  3  19  82  100  29  9  45  29  5  25  98  16  0  15  117
230.91  312.237  4.17355  3.02538  9  0  58  26  123  1  4  26  39  18  99  21  0  18  50  2  8  0  40  20  137  6  0  27  137  137  52  9  2  137  102  0  5  0  10  5  137  2  0  9  137  41  6  91  27  128  56  80  4  1  0  0  89  1  0  12  105  0  3  137  47  0  1  137
371.952  315.503  4.2889  1.31709  1  39  7  5  29  51  4  41  116  50  0  109  116  4  0  87  8  116  44  0  104  116  20  2  68  116  17  6  116  83  8  30  15  47  112  5  116  19  46  20  86  19  29  61  116  63  6  10  4  100  105  2  46  80  45  5  91  79  14  24  116  46  0  7
371.952  315.503  4.2889  2.48495  8  0  78  121  79  19  16  121  121  19  7  83  81  5  3  82  55  8  40  75  121  37  2  42  49  28  53  71  114  6  28  121  66  40  1  2  105  63  7  77  43  25  18  121  103  20  15  34  96  28  0  1  55  95  18  12  44  121  12  9  66  113  5  4
331.397  320.134  4.01358  0.65237  88  3  0  54  39  7  70  70  1  34  115  13  39  42  17  8  83  8  0  97  115  19  18  66  22  115  90  3  12  115  31  4  76  81  3  7  115  90  2  6  91  105  45  5  25  115  30  2  115  108  4  6  84  115  32  2  115  61  26  6  28  106  54  1
260.683  322.852  4.16857  0.318012  25  2  4  0  138  40  2  3  57  118  48  3  28  73  18  9  38  16  18  0  138  15  0  10  138  86  10  13  30  138  19  4  28  74  90  0  138  16  3  15  138  13  0  86  81  28  2  107  12  119  118  0  138  45  32  19  83  11  0  33  46  16  0  61
294.342  330.135  4.30783  1.86434  96  1  2  62  141  25  3  66  25  55  71  23  27  46  34  26  100  38  29  18  141  9  17  74  118  31  57  13  35  27  56  9  74  39  42  21  141  50  28  5  141  32  82  16  17  4  127  45  89  22  2  49  141  32  2  28  73  2  71  110  10  0  88  63
311.717  331.016  4.46524  1.44748  28  7  17  111  95  57  1  62  88  96  0  36  41  126  10  20  94  16  6  60  136  34  0  35  111  81  38  49  70  12  37  136  79  65  43  8  136  30  14  20  99  28  95  9  24  36  78  41  61  42  47  10  136  107  14  1  36  24  83  11  40  32  29  7
238.782  332.131  4.09047  2.73692  2  1  44  17  64  0  60  37  125  8  25  10  5  12  125  8  0  1  100  56  115  2  59  54  125  4  37  41  3  0  125  36  3  0  81  75  125  15  12  24  125  22  64  39  1  4  125  46  6  0  16  16  125  24  0  7  125  125  70  8  0  108  125  4
254.674  335.318  4.01908  0.166354  4  38  68  0  122  25  3  0  122  44  2  6  35  112  16  1  7  78  122  0  122  40  18  2  122  16  0  48  111  23  0  73  18  122  122  2  122  69  77  9  120  14  1  23  64  18  0  66  66  49  76  22  41  94  122  2  103  15  3  5  53  24  0  2
358.376  339.544  4.24627  1.67688  62  111  7  10  130  79  5  32  59  130  19  12  14  110  32  11  68  11  32  65  130  7  20  46  125  10  15  17  18  32  29  5  76  53  16  29  130  78  9  18  94  15  11  41  31  20  11  28  53  122  9  5  114  115  0  10  84  130  1  15  23  130  61  6
371.313  340.905  4.34257  1.6534  104  19  0  129  114  8  7  129  14  36  28  129  53  19  1  117  78  129  8  13  129  100  7  44  59  129  28  24  27  129  34  25  66  12  29  59  129  10  17  38  103  16  17  14  17  41  30  3  57  41  12  22  129  56  6  13  58  10  8  29  26  13  8  22
328.279  343.405  4.03094  0.664744  120  34  1  8  49  96  44  2  28  120  21  2  40  78  0  8  96  120  20  1  120  91  29  7  29  120  78  2  16  41  27  11  34  44  67  29  120  20  39  45  76  72  92  62  6  40  120  64  3  8  64  37  95  11  32  74  30  4  81  120  10  14  82  120
245.995  347.028  4.11328  2.7148  1  0  30  47  3  0  50  38  52  58  48  14  7  104  128  1  4  5  56  29  32  0  96  63  139  25  22  24  33  55  139  6  1  4  114  39  76  1  115  74  139  7  19  33  22  0  139  37  0  0  101  88  88  9  37  47  139  18  25  35  11  0  139  55
340.845  347.305  4.23019  2.87113  31  25  3  7  22  7  47  44  15  122  105  15  23  122  60  37  9  9  18  34  50  5  30  18  122  112  15  7  16  122  122  22  75  2  9  122  107  1  23  81  122  4  27  94  17  23  115  107  65  10  15  52  122  2  1  54  83  2  39  91  61  26  14  79
308.261  351.106  4.69095  -1.89552  35  24  8  19  2  24  42  42  34  36  61  14  63  60  20  19  47  7  49  120  44  23  45  120  116  15  15  28  31  6  120  73  120  93  43  56  100  120  69  9  107  49  59  32  12  3  120  50  120  55  4  27  49  47  43  115  8  42  109  70  2  23  120  37
383.762  351.435  3.63524  -2.95392  7  1  42  10  7  0  123  90  76  7  53  61  77  11  0  25  0  0  91  9  28  4  137  65  137  33  39  30  55  51  4  2  0  1  92  5  21  57  137  6  137  30  46  63  52  5  13  123  0  0  65  16  0  12  137  82  58  6  85  137  28  7  28  137
383.762  351.435  3.63524  0.141545  27  135  21  9  63  135  67  3  135  111  0  7  70  26  0  0  12  133  41  4  38  73  135  25  135  9  24  55  87  8  0  1  4  2  47  50  32  23  135  39  135  60  35  7  92  11  0  0  0  20  75  13  48  60  79  10  123  92  7  0  46  9  5  0
283.421  358.794  4.21595  1.13904  79  92  48  16  11  20  111  31  43  120  39  8  26  120  43  7  14  10  109  120  120  18  45  80  89  68  3  41  21  43  19  43  49  6  26  120  120  5  3  85  46  0  1  120  14  0  7  120  64  7  0  93  66  0  0  98  24  0  0  120  5  0  3  116
317.385  368.335  4.20141  -1.32932  50  15  1  19  7  12  46  36  9  4  73  56  56  3  5  35  130  0  18  72  31  0  130  130  118  67  35  68  43  121  13  20  130  0  36  56  73  7  130  55  130  40  11  33  44  89  34  51  130  3  24  15  39  35  100  10  130  28  5  54  22  3  26  93
317.385  368.335  4.20141  2.23027  7  52  86  29  57  29  65  55  87  55  71  18  20  73  95  10  32  125  103  8  55  100  125  14  125  55  33  27  16  125  111  0  12  16  67  125  30  78  125  61  125  98  15  4  23  56  43  6  8  56  36  35  41  55  25  22  100  17  3  9  5  1  28  20
336.672  369.386  4.30626  -1.53898  129  0  20  31  51  6  129  107  129  73  20  40  32  114  30  6  129  10  50  19  101  22  129  35  129  48  4  50  28  55  47  101  94  67  30  1  53  129  55  2  125  68  14  55  6  11  25  102  53  29  0  20  25  69  11  35  5  27  42  21  6  15  10  1
350.847  370.333  4.28517  -0.103104  49  22  108  89  14  20  131  20  26  17  3  10  7  25  37  28  62  15  28  131  131  29  33  126  30  67  58  8  2  11  91  48  38  131  35  52  131  65  2  29  52  17  102  51  32  42  92  17  53  25  7  131  111  15  3  109  30  5  54  76  92  49  15  8
237.358  373.749  4.18523  -1.06484  7  0  0  3  31  5  0  3  141  116  0  0  113  128  28  14  5  10  5  4  107  8  2  14  141  69  12  42  51  29  141  119  0  135  56  0  92  124  9  4  141  42  11  70  19  54  67  65  2  59  66  23  50  90  10  3  85  68  0  0  22  57  0  0
319.314  379.623  3.78073  2.07878  5  8  69  77  60  5  26  60  13  42  121  2  69  12  36  12  4  79  121  6  121  15  43  23  65  85  121  2  37  57  103  12  1  46  121  21  121  68  85  10  121  81  65  2  6  121  121  0  8  18  54  63  98  91  21  4  60  47  19  4  0  58  57  2
365.659  384.345  4.29016  -2.65399  25  1  70  16  9  29  139  1  26  139  54  0  11  139  37  7  47  2  50  26  30  27  139  3  139  63  26  0  15  98  139  11  54  0  27  35  26  4  139  39  139  6  28  57  33  49  84  60  19  4  36  26  23  0  139  71  122  11  15  49  23  15  8  38
365.659  384.345  4.29016  0.41165  17  43  12  10  2  47  108  14  133  74  45  1  56  35  16  1  132  36  18  70  14  45  133  15  133  42  43  2  46  34  46  0  133  20  7  92  24  0  128  85  133  3  36  18  64  21  43  1  39  9  7  133  69  1  17  133  133  5  7  21  65  16  26  0
307.241  395.39  4.37043  -1.82325  16  23  26  2  59  38  5  20  90  48  0  21  15  85  1  0  39  3  35  43  67  3  89  122  136  6  4  70  73  34  7  14  61  7  52  46  123  15  134  56  136  27  15  30  55  2  61  136  27  16  63  34  136  47  50  25  136  28  66  64  78  34  88  93
304.768  406.338  3.79829  1.96466  93  24  101  10  105  33  56  15  126  42  21  3  87  17  20  9  49  98  126  11  126  49  22  32  57  86  30  4  84  5  13  37  8  126  126  0  126  126  42  3  36  21  69  10  29  1  29  41  0  73  93  8  4  114  83  5  1  16  119  19  1  0  51  56
340.191  411.321  3.99233  1.47524  1  23  67  29  25  2  35  107  91  0  2  121  86  2  0  119  5  0  121  121  64  1  52  121  46  0  19  88  121  0  2  121  19  7  121  62  121  43  43  35  46  8  42  50  90  27  7  24  46  10  121  15  114  36  53  5  66  39  47  11  77  40  17  1
320.237  414.935  3.87264  1.98075  63  0  47  83  35  1  56  35  122  4  10  21  41  37  84  0  122  15  96  17  104  31  101  12  122  18  22  6  82  35  61  2  100  51  122  19  122  52  45  33  122  80  20  8  101  13  25  28  25  122  122  4  122  66  20  15  35  42  40  5  47  2  16  34
349.026  440.843  4.39925  -1.06756  116  0  0  62  81  2  31  43  11  25  71  2  24  26  15  1  116  0  0  54  163  65  6  47  26  163  32  1  11  163  6  0  87  3  0  7  163  32  0  27  100  109  9  10  0  110  9  7  89  52  0  0  163  94  0  2  57  6  5  19  0  0  8  25
351.5  453.619  4.15831  -1.05543  20  0  0  22  139  0  0  67  126  51  10  28  4  111  20  0  8  2  0  1  153  1  0  23  153  54  0  26  31  132  9  3  7  3  0  0  153  42  0  2  153  57  0  9  40  3  4  16  24  27  0  0  153  153  0  0  153  82  1  4  6  1  8  17
349.961  309.495  4.43017  -2.51363  3  1  55  119  43  0  7  119  39  7  80  85  0  40  119  20  3  23  74  50  89  3  29  101  119  41  14  37  12  106  104  2  16  4  72  108  119  29  31  32  119  14  3  97  23  11  92  104  51  1  5  73  95  13  3  63  28  2  11  116  15  0  13  116
372.268  317.791  4.81997  1.39726  10  18  3  49  67  23  0  113  113  14  0  113  100  0  0  85  9  113  17  0  88  113  8  4  107  113  4  17  113  57  3  45  18  73  68  0  113  34  36  20  104  32  8  45  113  62  2  3  13  107  69  2  32  100  50  4  108  82  0  12  111  27  0  7
372.268  317.791  4.81997  2.44404  6  0  51  123  30  2  30  123  111  15  15  91  70  36  3  27  24  2  74  123  123  26  9  78  107  19  18  72  119  0  6  123  53  29  12  15  123  43  2  52  49  13  19  119  123  8  7  45  83  29  0  0  61  89  8  8  45  123  6  14  83  75  4  7
279.978  330.14  5.21516  1.94175  93  12  4  35  137  9  8  52  30  34  55  5  48  11  9  24  82  33  13  19  137  24  9  16  57  13  136  42  26  0  40  84  133  15  1  48  137  13  7  95  24  0  110  137  8  0  34  99  77  5  0  104  22  2  7  137  11  4  22  137  57  35  12  87
229.693  341.821  4.9175  -0.098308  80  0  0  138  103  3  83  138  7  26  138  31  56  32  24  0  32  0  0  14  138  20  13  29  40  72  138  3  98  51  39  0  29  0  0  6  138  6  2  27  81  63  138  9  70  44  61  0  8  0  0  9  138  0  0  67  93  11  58  107  30  23  38  12
351.85  371.422  4.54147  -0.0975711  61  31  85  91  8  23  128  25  21  35  6  7  3  41  62  25  64  16  25  128  128  22  32  128  31  52  62  9  3  15  106  41  39  116  35  60  128  55  2  35  52  13  103  51  39  58  71  10  53  17  6  128  127  8  2  125  45  8  33  75  90  50  9  4
333.194  398.47  4.73727  -1.32725  9  1  49  41  88  2  89  72  123  0  42  103  63  2  113  80  22  1  72  35  83  4  123  22  123  5  50  51  89  26  108  22  20  26  52  4  65  67  87  5  123  78  13  3  52  123  26  2  5  123  32  0  33  123  13  0  107  62  0  12  39  26  2  48
322.416  455.016  4.68262  -1.65995  28  0  0  63  41  8  21  67  132  52  13  6  147  55  11  0  18  0  0  29  114  0  0  91  147  24  0  22  147  12  27  18  3  2  0  1  136  7  0  7  147  31  0  3  82  8  53  32  6  12  0  0  147  69  0  0  147  147  10  0  18  92  74  6
294.141  274.062  6.59713  0.667603  12  16  5  21  12  34  7  24  64  74  3  3  84  97  0  0  14  5  20  40  78  2  15  87  139  96  5  13  110  93  19  29  1  4  54  24  117  14  14  16  139  36  23  85  58  52  82  125  10  4  32  17  139  79  1  5  139  139  4  14  58  139  21  6
283.511  296.027  6.50109  1.44791  74  3  3  31  101  24  32  39  31  23  73  76  129  14  0  34  40  1  17  54  129  2  17  129  111  54  35  51  129  87  1  1  5  7  26  4  122  10  1  40  129  52  0  53  129  61  8  70  0  8  36  1  42  9  6  33  129  11  0  129  83  5  3  129
366.655  295.979  6.28487  2.76298  1  0  115  115  106  2  46  114  79  4  7  105  114  6  2  76  9  1  115  65  115  28  11  17  115  98  0  33  115  101  22  16  15  8  92  13  115  14  0  11  115  16  0  57  78  21  48  106  10  17  48  2  68  10  0  27  66  0  0  80  25  0  4  106
277.111  349.474  6.08866  -0.392105  27  52  119  3  119  119  11  0  68  119  61  0  1  84  81  1  43  59  119  10  119  69  2  6  119  69  41  36  3  119  112  11  98  28  21  31  119  84  0  1  67  64  18  26  18  24  30  57  119  6  0  8  119  15  0  4  39  26  51  11  32  8  81  34
307.803  381.496  6.62576  -1.91644  29  89  5  6  82  126  0  6  13  126  9  0  1  100  53  1  43  5  23  84  126  26  3  61  42  77  28  67  22  64  62  21  84  28  30  37  126  24  23  112  84  57  21  126  62  32  30  41  60  111  15  2  80  99  39  22  126  101  18  42  12  37  90  41
347.275  427.503  6.52033  0.505839  28  14  19  89  60  0  8  118  140  5  5  21  12  17  31  1  9  44  26  52  123  18  1  42  140  7  2  15  24  18  40  2  4  83  19  4  65  64  16  42  140  8  5  140  44  3  13  140  5  16  30  108  1  6  85  140  12  0  36  140  81  0  1  140
251.262  432.803  6.68225  2.7287  8  49  92  6  129  18  11  7  59  71  0  0  3  39  75  0  5  29  129  4  129  24  39  0  123  37  1  1  3  23  129  5  1  36  129  0  129  22  40  7  129  1  6  31  9  1  129  38  0  16  124  1  50  10  51  63  45  0  10  129  3  0  110  129
305.496  436.08  7.08441  -1.23206  9  0  79  131  91  46  66  88  131  78  2  7  111  39  0  30  25  16  69  49  131  81  13  9  73  52  35  21  81  1  38  119  30  11  12  82  131  9  6  69  59  5  107  42  44  7  68  34  23  0  0  50  131  7  0  71  101  84  50  18  22  103  23  0
326.49  438.238  6.6817  -1.52896  11  9  23  25  143  70  9  3  71  73  17  6  47  14  12  44  70  1  1  76  143  12  3  26  61  5  75  47  34  0  51  56  91  9  0  12  143  65  8  13  36  66  81  19  37  50  38  8  114  121  0  0  143  143  9  0  16  143  75  0  19  138  27  0
237.677  211.389  8.52455  -2.87278  14  9  0  4  137  4  0  32  137  9  15  31  3  16  58  0  15  40  5  4  137  70  0  19  137  9  7  48  12  3  79  26  101  137  0  0  80  137  7  1  133  52  28  90  14  2  66  137  105  50  0  18  24  34  47  26  6  8  137  61  85  42  26  58
234.911  231.057  8.52629  -2.99454  7  12  3  3  138  28  0  2  138  124  8  3  8  118  46  1  8  10  4  5  138  10  0  21  138  5  10  23  10  10  74  1  27  91  4  1  138  138  1  3  138  21  5  24  14  0  70  31  78  119  0  0  30  138  21  5  64  29  27  95  11  3  40  116
380.742  232.51  7.48553  -0.899848  1  8  33  4  142  15  3  13  158  72  0  4  92  22  23  34  1  54  66  0  158  37  7  3  158  19  4  53  33  2  77  104  3  13  81  31  158  34  8  8  158  18  7  55  13  5  43  77  31  29  34  26  158  95  0  2  87  43  1  4  10  21  3  3
232.833  263.422  8.40467  -2.87908  9  0  79  43  144  6  7  109  61  65  10  149  7  86  17  140  4  6  23  22  129  17  1  12  149  135  1  18  27  149  39  4  9  15  4  2  103  10  0  16  149  5  0  52  57  16  51  9  4  15  7  2  47  53  1  7  149  24  0  29  77  1  28  22
304.169  286.424  8.00949  0.717214  4  23  3  10  42  55  0  3  87  104  0  0  20  128  26  0  18  1  13  43  128  37  2  24  128  69  13  43  82  64  56  45  30  7  23  13  128  40  3  31  94  83  32  61  128  104  7  32  67  26  18  6  128  114  0  10  112  128  1  6  86  128  9  9
339.404  297.379  8.25494  -2.87583  21  0  12  123  57  1  20  123  6  3  70  123  15  3  20  123  54  1  17  123  123  22  35  79  16  51  123  68  17  33  73  73  102  2  16  61  121  5  14  123  9  12  76  123  2  11  109  83  35  17  31  17  36  0  9  91  3  0  25  117  3  4  21  42
339.404  297.379  8.25494  0.0285314  41  46  1  8  10  120  6  0  5  109  23  0  17  16  34  11  99  88  5  21  66  120  12  15  12  120  120  5  12  34  113  2  34  120  33  23  120  95  24  30  19  56  120  37  13  87  93  4  9  120  28  8  33  120  30  3  3  120  85  1  13  120  30  0
339.404  297.379  8.25494  1.49949  21  31  9  13  28  115  3  9  67  107  6  14  117  38  0  18  117  21  0  2  117  117  6  10  49  117  45  15  117  91  1  1  117  8  0  9  117  14  17  68  110  30  24  117  117  53  3  20  55  1  7  49  85  7  26  90  117  43  17  24  117  29  10  9
339.404  297.379  8.25494  2.22245  31  20  31  62  114  48  1  31  114  20  0  51  111  26  13  20  94  43  3  3  114  112  3  14  107  90  25  67  114  6  8  103  91  5  0  43  114  6  6  99  34  17  81  114  114  6  9  101  45  1  0  20  64  0  2  85  28  11  29  114  96  4  9  88
239.988  313.103  8.19644  2.89768  13  8  50  36  19  2  84  45  42  19  88  30  0  11  78  2  27  0  41  119  59  2  101  93  119  89  66  25  1  104  103  1  5  0  22  87  105  4  27  42  119  74  18  99  34  119  110  74  2  15  2  5  71  42  0  3  112  119  8  58  44  60  26  115
355.19  313.717  7.90967  -2.88095  38  0  32  52  35  5  9  116  45  20  23  116  6  10  32  116  13  0  88  116  44  1  20  116  93  12  42  116  6  18  95  116  24  1  116  88  116  5  4  85  116  19  37  78  6  33  85  47  9  17  116  6  82  2  6  51  44  0  9  116  1  0  28  96
311.769  335.409  7.92325  1.64378  29  90  21  21  130  86  4  8  81  64  39  9  2  13  79  52  46  10  30  110  130  17  2  61  82  31  70  56  16  92  101  14  77  22  29  48  130  48  3  12  80  36  37  30  30  55  33  42  130  4  0  54  130  18  7  119  29  2  34  130  11  0  19  125
367.763  346.52  8.04849  1.80561  74  0  0  124  61  0  0  124  32  2  0  124  28  4  1  47  124  37  0  106  124  27  0  81  80  78  0  39  35  26  18  54  69  121  8  4  124  56  1  17  116  59  26  13  4  19  91  70  39  69  19  48  124  54  5  46  98  44  57  36  13  59  107  14
234.476  351.718  8.02156  -0.357759  64  0  0  75  132  13  34  132  26  26  132  100  42  72  42  3  24  0  0  9  132  27  13  33  67  74  132  20  127  116  15  0  21  0  0  13  132  6  6  62  93  44  59  38  115  48  2  3  19  74  0  2  81  83  2  23  132  14  1  23  84  22  1  4
355.815  377.629  7.30137  -0.339849  58  13  44  61  41  59  94  72  0  117  117  4  4  117  81  1  33  2  99  117  117  13  20  117  24  29  83  24  33  75  72  13  58  11  24  117  117  14  3  75  63  67  35  27  38  116  11  0  45  60  20  5  117  106  0  12  84  81  16  4  21  21  15  2
312.231  398.173  7.90614  -2.02541  86  118  3  4  35  122  4  7  61  122  0  2  8  122  17  0  89  44  21  42  58  14  17  97  122  52  0  44  22  88  37  31  8  75  99  17  91  73  23  32  122  36  2  93  55  42  11  78  2  112  101  1  39  122  19  2  82  103  12  15  52  45  38  49
273.382  438.898  8.61417  2.85491  26  110  15  0  52  18  6  13  60  23  0  2  4  14  19  0  13  130  75  8  90  76  113  12  130  52  2  6  16  66  130  0  45  44  44  13  51  67  130  2  130  16  13  26  32  12  130  24  27  107  45  1  8  59  130  2  84  10  45  112  14  0  91  130
358.012  439.499  8.46301  -0.886602  131  3  6  62  30  18  69  27  84  54  18  15  96  34  3  11  129  0  2  125  158  96  10  60  81  158  4  1  42  116  10  6  112  20  0  15  158  76  0  22  78  55  29  46  9  14  26  45  29  19  0  0  145  70  6  15  17  10  35  44  24  35  17  34
385.689  209.306  13.124  -0.834377  70  0  7  143  143  2  14  124  143  5  14  44  5  6  59  55  45  21  32  30  143  20  1  44  143  8  65  107  13  0  46  142  32  46  92  6  143  17  6  36  58  6  56  87  5  19  20  27  39  59  61  15  137  71  1  3  19  21  3  5  2  17  2  0
316.529  317.032  12.5905  1.53815  52  30  13  23  80  112  0  13  124  65  1  14  44  14  13  33  124  11  0  19  124  39  0  54  124  54  14  11  12  33  97  24  53  2  8  54  124  8  0  83  124  18  3  75  9  31  68  71  11  117  33  6  124  94  6  56  102  23  9  124  13  0  42  124
234.864  391.029  12.9723  -0.519569  7  0  0  9  103  0  0  55  122  17  73  120  14  102  104  22  10  9  0  6  100  52  0  10  122  52  7  17  88  122  18  1  100  45  0  0  117  122  30  1  122  76  26  16  111  25  8  52  122  18  0  1  106  28  76  30  83  4  65  50  47  2  13  75
313.145  436.981  12.3101  -1.23875  55  45  10  43  34  37  84  99  125  106  24  11  52  122  8  4  7  0  18  58  125  23  23  77  125  31  5  69  82  14  6  88  16  0  0  16  125  22  1  62  109  117  13  30  105  64  4  24  5  1  0  0  125  103  0  5  108  125  5  11  13  88  15  3
291.703  218.614  17.0225  -1.99363  16  19  93  64  127  6  9  127  125  14  37  127  66  2  55  60  0  16  127  17  111  16  31  38  127  21  25  75  54  17  90  59  1  13  76  54  101  52  25  10  127  41  7  50  46  55  29  31  19  86  13  9  78  127  1  11  84  103  0  15  19  30  23  9
250.978  232.759  16.6507  -2.80536  0  0  74  88  121  17  31  77  113  114  4  18  71  104  1  2  2  3  58  52  126  31  13  21  126  51  16  40  54  19  28  33  35  73  12  13  126  126  3  9  126  51  38  87  101  29  18  55  25  122  18  0  67  68  10  40  57  34  38  60  126  23  1  13
243.975  279.194  17.1747  -2.90683  11  38  50  16  7  57  108  17  7  126  36  1  1  118  5  0  3  1  61  124  80  12  73  112  126  126  13  34  52  126  6  0  3  2  47  71  126  25  26  27  126  67  8  18  59  47  22  15  17  61  14  12  113  125  2  4  126  53  18  54  59  15  18  51
338.498  292.939  16.9031  1.46729  1  29  54  37  13  3  32  117  117  6  0  108  84  9  0  46  6  6  117  101  86  39  24  47  117  90  0  23  98  26  12  33  7  37  117  7  117  8  7  43  117  25  0  32  48  25  58  23  3  117  117  1  49  117  39  18  117  37  5  69  25  2  30  117
287.192  337.812  16.5439  1.21581  39  11  30  21  96  68  0  7  115  89  2  6  57  10  4  37  48  26  47  18  122  25  0  26  119  47  34  20  10  8  76  60  17  122  122  4  122  95  25  54  71  4  22  122  5  15  78  85  1  51  122  55  4  32  109  122  55  1  12  122  57  31  10  73
332.281  403.739  15.9392  -1.80111  18  4  0  31  58  48  18  86  36  126  49  10  28  126  52  16  98  61  0  6  126  96  2  13  126  94  15  22  5  66  126  18  64  126  2  1  50  126  40  3  73  59  54  36  4  4  126  79  12  42  2  6  10  61  32  4  0  55  126  15  0  36  126  57
234.801  432.437  16.3144  -0.0562979  17  0  0  53  140  6  4  134  140  56  10  59  81  101  14  34  21  2  0  13  140  104  1  15  140  100  34  69  82  0  28  140  28  0  0  6  140  20  3  39  102  27  140  53  43  0  44  140  1  0  0  0  27  0  0  4  10  0  18  5  2  0  11  18
372.214  440.6  15.6857  -0.51866  134  24  28  62  88  10  9  141  57  74  67  40  26  141  47  0  89  0  37  141  141  51  1  115  141  121  3  12  51  101  22  5  30  0  2  41  141  17  0  57  141  23  7  26  53  9  50  31  0  0  0  0  10  1  0  0  24  4  2  4  21  5  38  31
280.556  262.167  33.2623  -2.62554  0  56  34  2  6  89  98  6  68  132  15  1  96  132  0  0  0  18  104  79  68  28  92  102  132  91  4  32  132  74  0  17  4  34  92  41  84  132  26  21  132  50  0  27  132  0  0  54  35  27  5  12  68  69  0  0  34  46  2  4  53  3  0  41
312.777  364.169  32.3206  1.35579  2  14  90  38  116  8  14  75  114  33  0  33  5  17  0  10  11  57  133  30  133  37  27  34  96  7  28  119  2  0  6  49  2  133  133  2  63  81  133  95  35  0  32  133  2  0  5  16  0  43  133  34  0  4  133  92  12  0  15  79  1  0  0  6
328.1  262.705  65.525  -2.20774  0  0  0  0  51  80  4  0  159  159  0  1  62  39  1  3  0  5  26  6  122  111  123  17  159  114  3  104  81  13  2  105  0  0  39  53  103  50  112  42  159  58  1  51  43  4  0  62  0  0  3  5  71  51  4  5  70  50  0  0  2  1  0  0
