51
-25.8653 -14.2553 316.988
-26.8165 15.9338 294.82
-26.6753 16.015 295.442
-63.0353 -14.5453 328.264
-38.8996 67.6003 261.477
21.3926 78.8186 235.256
-28.1963 16.0184 295.489
-75.744 20.0213 305.793
47.0115 22.1072 271.495
-0.376286 66.6678 252.292
-92.158 25.6126 306.695
-69.1903 67.8592 269.597
-46.5246 24.7731 294.96
34.3687 52.5466 247.808
-53.4047 67.8152 265.509
-6.31159 74.1554 246.969
-12.5583 -8.56774 311.941
-44.4074 18.8087 295.925
33.081 41.3619 260.778
-103.919 42.843 299.742
-51.0653 67.966 263.172
10.3685 70.6257 243.519
-17.3399 69.7601 251.256
36.7616 43.6466 256.354
-13.6226 67.6178 261.351
-30.8147 66.7407 260.656
-51.1368 -10.4464 322.475
12.6483 71.0091 243.594
-51.0767 -10.4016 322.084
-54.2112 51.0158 276.643
-24.9905 -13.2378 317.149
-76.9317 19.6977 306.444
-76.9933 19.8648 305.586
-16.8658 68.6184 252.772
-28.7251 12.07 299.931
-51.8353 52.6098 274.211
32.4422 46.1994 255.49
-74.8239 5.64938 315.188
32.0655 42.9049 255.765
-0.989677 54.2996 258.183
6.55569 70.0997 246.63
36.5447 53.7159 247.104
-51.2114 68.1641 263.924
0.19663 68.6287 245.329
-84.5099 56.4612 280.652
22.1726 48.3434 253.548
-42.2563 61.2121 265.49
-31.8454 10.5419 300.141
-14.0256 62.9815 257.053
16.4472 61.9524 245.849
-5.80238 59.3348 256.672
