1 800 600 0.8
60  64  
1
1
60
396.253  316.247  1.66269  0.853295  21  8  18  8  151  0  0  57  151  0  0  40  121  9  0  9  9  15  40  1  151  29  0  24  151  11  0  31  135  16  1  12  36  49  26  0  133  128  0  0  151  52  0  14  108  11  18  66  55  34  9  0  119  37  0  2  100  13  0  39  30  2  12  111
236.452  320.195  1.66919  -1.99339  29  0  70  75  136  1  0  74  104  12  20  17  0  12  136  10  44  2  50  33  136  11  0  33  123  6  41  136  0  1  136  136  42  7  20  13  136  5  11  118  18  0  78  136  0  0  65  136  12  0  2  35  17  0  6  85  0  0  23  57  1  0  10  16
236.452  320.195  1.66919  2.43759  36  19  0  0  28  65  9  2  16  50  15  26  80  16  0  62  76  10  0  6  142  120  10  7  26  142  61  0  35  142  10  2  59  0  0  14  142  13  0  25  134  133  29  14  10  142  17  6  32  5  0  4  142  0  0  65  124  2  2  142  8  5  7  93
227.033  324.957  1.67281  -2.56755  19  5  48  77  74  8  2  48  7  54  84  1  0  93  129  0  68  0  49  129  129  2  0  48  41  13  44  2  0  63  129  1  129  32  5  25  129  56  0  2  48  15  67  7  0  9  124  37  129  72  0  19  122  59  3  64  11  7  101  79  5  0  101  84
303.787  324.881  1.67905  1.96198  56  28  0  0  135  13  2  32  159  1  0  37  65  10  6  0  69  66  2  0  71  22  70  37  159  3  11  39  105  14  17  4  38  100  22  0  56  37  159  5  159  17  14  12  104  1  47  38  9  58  44  0  33  40  135  0  159  19  3  16  63  0  72  53
226.887  309.83  1.93214  1.50144  27  14  0  0  25  31  2  0  133  94  0  0  113  133  19  0  72  26  0  0  52  82  10  0  133  58  1  13  133  46  24  25  82  9  0  15  96  52  5  34  133  47  1  29  133  1  1  64  47  133  0  3  62  133  16  21  55  65  47  75  61  0  4  133
280.505  315.549  2.24573  0.452522  50  3  0  0  149  28  0  1  149  39  0  17  45  19  8  43  78  1  0  2  149  7  0  9  149  9  0  49  24  17  14  83  75  0  0  3  149  10  0  27  149  29  0  67  56  68  2  61  55  7  0  1  149  65  0  19  107  121  0  65  38  77  4  98
390.206  319.138  2.19724  1.28361  42  15  12  43  135  3  0  135  135  0  3  101  24  0  66  77  17  58  58  1  135  54  2  20  135  11  6  121  51  1  51  126  12  77  104  0  135  34  8  8  118  2  1  64  55  0  6  99  2  68  94  0  55  62  10  0  37  5  20  33  22  1  22  71
397.919  321.889  2.1969  0.884602  125  1  4  41  142  1  0  50  141  20  0  16  13  35  20  23  105  47  9  8  142  28  0  24  142  7  17  65  8  4  52  142  116  65  3  0  142  36  0  47  72  5  29  142  51  52  23  46  64  25  0  3  55  1  0  46  104  18  0  49  114  54  0  9
234.638  325.196  2.20252  -2.1996  38  9  38  44  47  3  45  111  68  21  18  39  1  72  96  1  43  2  77  124  122  2  66  124  124  12  8  39  14  10  124  21  4  2  68  68  124  18  18  34  124  16  16  124  6  1  124  124  5  0  8  45  55  1  1  71  17  0  19  124  1  0  26  102
315.877  328.291  2.1072  1.95281  8  4  127  10  160  17  18  11  160  17  0  0  51  13  20  0  11  16  88  13  160  47  10  1  160  12  0  8  68  12  23  1  27  19  12  10  160  36  0  13  160  4  0  42  95  19  20  1  53  60  0  1  74  48  21  13  160  3  10  37  106  8  33  8
293.014  299.915  2.31683  0.801118  65  2  0  8  101  49  0  1  29  145  15  0  1  145  42  0  94  0  0  24  145  17  0  13  145  110  2  0  10  145  42  0  86  0  0  21  145  0  0  29  145  18  0  6  33  50  27  8  55  0  0  10  145  0  0  31  145  0  0  53  21  2  23  65
309.939  300.466  2.43343  2.7141  22  0  22  125  17  0  38  72  136  21  1  9  103  61  4  0  27  0  2  136  109  1  3  113  136  17  0  13  136  27  0  15  22  1  6  15  136  14  0  11  136  5  0  34  86  0  8  120  26  1  1  1  136  3  0  10  117  0  0  77  15  0  25  136
325.638  306.093  2.34852  1.57384  5  0  101  100  113  67  45  24  130  139  0  0  53  93  11  1  41  2  44  75  139  71  4  11  138  83  7  24  10  22  53  47  76  0  5  32  139  3  0  63  86  1  14  139  0  1  55  92  48  38  0  4  139  30  0  36  66  30  1  66  23  36  5  20
286.175  309.436  2.28347  0.542652  75  1  0  3  152  21  0  0  152  58  0  0  16  80  32  0  114  4  0  0  152  28  0  2  152  36  0  17  22  24  33  35  124  1  0  4  152  4  0  26  152  3  1  74  9  16  26  83  84  0  0  7  152  0  0  22  143  10  0  33  37  46  2  28
381.505  313.086  2.29955  -2.48999  4  54  37  7  37  10  12  56  113  2  0  42  32  36  33  3  0  6  131  66  74  1  49  114  131  13  0  27  84  27  19  10  5  0  131  131  131  4  22  62  131  12  0  42  47  1  24  91  20  5  126  28  131  0  1  31  121  0  0  109  18  0  13  121
238.942  314.27  2.38611  2.3178  10  4  0  0  54  28  0  0  65  86  4  4  81  49  7  38  31  3  0  1  141  16  0  3  149  149  10  1  42  149  37  2  34  2  0  0  143  5  0  8  149  22  0  84  90  93  11  97  23  0  0  3  83  8  0  9  149  13  0  75  82  1  4  149
230.771  316.389  2.32497  1.67724  22  17  0  0  103  77  0  0  52  133  54  0  49  51  44  0  54  34  0  0  133  87  0  8  99  133  84  9  24  133  90  0  72  37  0  7  133  21  0  39  126  13  12  92  6  72  27  54  72  84  0  14  65  73  24  43  45  2  14  133  4  0  6  133
234.473  326.08  2.3397  -2.30529  22  6  21  46  23  16  27  67  45  52  33  37  2  111  122  0  42  0  38  119  70  0  71  127  127  7  6  63  20  27  116  9  3  0  58  96  127  13  26  58  127  19  8  84  17  1  127  117  6  0  8  59  77  2  1  66  47  0  9  127  1  0  43  127
273.793  328.968  2.33642  0.640311  73  0  0  13  138  2  0  49  110  13  0  84  38  20  0  97  77  2  0  4  138  44  0  16  138  134  0  22  22  138  0  22  63  4  0  6  138  7  0  57  138  22  0  68  28  29  0  34  12  29  4  2  138  5  1  59  138  0  0  118  48  0  0  70
298.837  329.964  2.65663  1.90305  96  31  1  4  135  7  0  20  73  15  60  6  5  3  125  34  48  87  27  3  135  16  15  17  104  4  135  64  34  18  123  41  16  70  90  0  135  27  37  28  65  2  135  122  95  25  35  23  8  7  64  45  60  5  38  52  68  7  91  67  93  16  7  7
339.338  304.713  4.35755  -1.00842  5  43  121  62  10  91  119  14  34  105  12  0  6  83  11  0  78  49  58  13  40  80  125  20  125  96  52  4  5  85  78  0  76  24  93  30  37  15  125  47  125  14  47  30  12  16  96  7  5  70  119  3  8  85  87  2  95  87  14  6  11  36  54  2
339.338  304.713  4.35755  2.25734  36  4  28  45  19  8  94  88  104  5  5  69  105  7  14  82  86  10  20  22  53  44  126  13  126  39  30  15  83  29  95  22  71  0  5  86  42  7  126  99  126  7  44  121  63  11  55  75  7  0  10  82  5  0  33  110  85  13  14  73  126  59  1  39
232.541  310.333  3.19518  2.01396  7  2  0  0  65  25  0  0  88  130  10  0  79  88  14  3  20  4  0  0  130  23  0  2  130  88  9  36  32  130  26  32  28  2  0  1  130  12  0  14  130  20  5  92  22  8  43  130  19  7  0  0  130  94  0  7  130  130  66  11  1  70  130  38
239.175  313.392  2.94811  2.26402  9  3  0  0  59  32  0  0  87  85  2  7  137  35  1  26  27  2  0  0  139  25  0  1  139  139  8  7  70  139  12  7  29  3  0  0  139  5  0  12  139  22  0  122  45  51  24  139  17  1  0  2  99  2  0  21  139  20  0  64  35  61  58  113
397.208  314.074  3.35184  0.78538  11  33  7  6  146  5  2  51  146  20  0  30  74  51  0  1  0  108  55  0  125  35  43  21  146  14  0  38  112  44  7  26  1  67  130  0  93  83  67  0  146  43  0  34  71  12  14  105  2  24  98  4  46  51  30  7  115  7  0  52  127  35  0  27
334.028  320.123  3.32333  -1.13333  0  13  136  12  35  25  54  18  18  97  75  1  11  54  113  0  5  9  136  12  135  18  62  12  31  17  119  47  41  11  136  27  1  45  136  2  68  35  81  17  13  3  136  58  58  9  90  21  2  74  136  0  3  61  124  2  1  31  91  3  25  53  40  0
334.028  320.123  3.32333  2.54866  20  0  4  73  52  2  4  95  106  1  3  122  119  4  0  78  67  1  10  78  122  22  13  28  60  43  73  64  122  3  7  122  87  29  59  19  122  10  6  24  27  34  110  10  122  11  27  51  24  27  107  14  122  1  12  112  28  0  44  112  83  14  12  17
272.722  321.852  3.28686  0.550704  7  0  0  3  155  1  0  7  156  3  0  30  60  15  13  47  6  1  1  1  156  2  0  13  156  17  0  48  107  34  0  65  3  18  8  0  156  12  0  5  156  65  0  24  82  113  0  22  1  81  21  0  67  54  10  10  156  4  1  88  99  5  0  73
327.718  328.036  3.4084  1.97021  89  9  1  16  100  6  10  45  156  0  1  82  38  6  10  17  123  62  10  1  68  20  100  25  156  8  7  39  102  26  15  1  95  21  22  37  59  14  115  26  156  26  8  5  124  16  32  2  70  4  6  79  69  40  14  22  156  23  0  17  130  5  51  15
312.199  300.485  4.21105  2.61617  107  9  19  38  47  8  44  62  127  11  15  46  119  15  8  80  30  4  74  76  97  0  9  135  135  39  2  34  85  64  23  33  4  0  36  49  135  6  4  26  135  7  3  114  34  3  64  135  6  10  5  3  78  5  0  16  49  0  17  133  1  0  48  135
344.118  306.815  4.409  -1.07425  17  45  83  31  9  113  125  4  50  125  28  0  4  109  25  0  79  22  82  19  33  28  125  49  125  61  55  10  11  59  98  1  20  51  125  16  26  43  125  28  125  36  29  17  14  16  89  5  0  67  125  1  5  107  63  2  59  104  12  8  6  36  71  5
344.118  306.815  4.409  2.29692  36  29  20  41  11  10  48  109  75  0  1  110  122  0  0  122  56  7  29  41  28  28  122  53  122  18  15  49  106  20  36  56  89  4  8  41  44  30  122  34  122  21  43  48  69  14  71  38  29  0  3  96  12  0  73  122  98  1  29  122  111  20  9  77
326.582  308.641  4.2368  1.55103  62  8  17  38  23  20  101  54  97  64  11  11  108  14  3  6  42  0  15  116  124  48  27  53  90  89  29  26  124  31  32  18  35  26  0  33  124  40  0  41  76  42  19  63  124  94  11  7  74  91  0  2  124  124  0  2  56  124  13  1  124  70  6  5
383.712  314.264  4.19384  -2.76795  1  6  129  59  16  17  112  35  98  6  6  33  10  1  60  40  0  31  129  59  36  7  126  102  129  19  8  25  15  36  94  11  0  1  129  93  114  1  89  78  129  8  4  85  7  8  40  85  0  0  129  27  44  1  68  41  70  0  0  106  10  0  4  70
311.764  314.894  4.29523  2.78112  32  14  12  53  119  6  7  119  99  15  18  108  18  30  77  21  73  13  25  40  74  12  40  53  119  20  1  111  47  12  59  78  43  1  22  119  119  2  13  110  119  42  5  30  15  25  77  69  10  0  28  32  119  0  0  40  119  0  20  119  2  0  92  119
229.553  319.234  4.34077  1.90651  13  8  0  0  51  62  0  0  125  49  1  0  90  25  1  5  63  17  0  0  125  122  6  9  79  125  19  18  42  17  47  70  92  21  0  1  125  58  16  64  20  26  60  125  0  2  76  125  125  93  0  0  101  125  125  7  0  26  125  42  0  0  7  18
283.795  317.561  4.42803  0.425712  18  0  0  3  148  33  0  0  140  130  30  1  7  113  88  0  37  1  0  2  148  19  0  4  148  32  21  36  7  102  82  13  43  8  3  0  148  30  0  6  148  49  1  35  60  94  3  55  29  54  16  0  148  30  1  25  110  56  1  31  16  34  7  33
362.899  323.222  4.29793  0.865655  45  42  1  9  41  53  48  17  22  67  102  2  120  19  2  33  32  10  29  116  111  8  15  80  19  61  86  6  71  53  30  23  46  122  11  36  123  63  0  8  86  123  21  1  36  123  14  0  15  82  20  24  123  111  2  2  123  123  0  2  64  123  4  5
235.988  328.48  3.91832  -2.74006  30  2  2  90  13  32  52  66  2  114  120  6  0  42  80  0  36  0  0  120  81  3  1  120  97  45  94  39  4  79  120  1  32  0  1  91  120  6  0  102  120  10  53  120  63  50  98  77  10  0  3  14  46  0  0  77  25  0  5  120  43  0  6  120
235.988  328.48  3.91832  2.35582  43  1  3  18  119  4  0  15  119  2  0  17  31  1  100  33  73  27  0  0  119  89  0  15  119  34  10  20  12  0  119  65  119  14  0  8  119  119  1  48  46  72  76  91  1  0  119  98  79  0  0  16  119  20  6  89  12  43  113  119  0  5  54  41
341.635  292.419  4.55635  0.763313  15  13  3  35  71  49  0  4  58  81  0  0  42  86  0  0  75  0  4  45  129  48  0  18  79  113  11  47  54  44  11  74  71  14  7  18  129  19  0  107  50  74  30  129  64  58  19  114  21  129  24  1  129  129  3  12  77  129  11  18  34  129  13  5
292.62  309.205  4.67693  0.59949  38  1  0  11  95  74  3  0  16  148  39  0  50  90  9  1  71  0  0  8  148  51  0  3  89  148  64  3  14  129  60  1  70  0  0  7  148  3  0  32  144  29  26  33  32  148  28  6  39  6  1  3  148  5  0  19  148  22  0  22  38  26  0  44
345.101  308.071  4.77596  -1.04388  5  26  123  43  4  102  123  9  33  123  28  0  6  106  21  0  33  25  123  9  24  35  123  35  123  63  52  10  11  62  86  1  5  77  123  6  14  54  123  20  123  55  28  10  15  25  81  2  0  72  123  0  2  92  87  7  38  89  12  21  5  29  75  18
345.101  308.071  4.77596  2.27048  60  48  7  24  15  29  31  78  100  4  1  107  119  0  1  117  66  2  17  48  21  13  119  73  119  11  14  72  119  7  8  89  83  2  5  44  38  21  119  39  119  19  36  43  97  10  37  37  28  0  4  92  12  0  54  119  106  1  19  119  119  27  4  55
228.081  321.304  4.69926  0.119899  1  129  118  19  0  110  120  1  0  58  22  0  0  10  8  1  23  27  86  129  49  112  116  61  8  129  107  2  0  43  71  0  47  0  1  97  129  15  12  45  25  58  129  12  0  82  90  0  23  0  0  5  129  0  1  53  66  50  31  22  1  89  56  0
228.081  321.304  4.69926  1.99434  14  8  0  1  69  56  0  0  126  48  0  0  78  16  17  19  63  14  0  0  126  104  0  9  80  118  14  35  24  7  85  101  90  17  0  0  126  71  17  42  18  23  91  126  0  0  72  117  126  56  0  0  126  126  101  2  1  58  126  16  0  1  17  9
320.748  299.943  6.78288  2.32116  32  2  31  33  86  5  33  47  136  1  0  77  123  4  29  35  33  1  22  98  86  2  38  124  136  22  0  68  136  13  19  66  3  5  30  51  107  11  9  58  136  25  2  136  47  10  45  136  1  10  21  1  29  12  9  20  34  1  16  136  1  0  27  136
281.043  304.701  6.59133  0.554128  0  1  8  36  27  3  6  36  55  90  11  2  38  102  15  2  0  0  16  18  103  3  3  15  161  119  8  3  40  161  58  0  0  32  9  7  115  11  4  7  161  12  1  24  108  90  17  13  8  161  48  0  54  128  45  0  161  30  1  25  105  8  0  29
351.125  313.62  6.60457  1.85699  70  57  0  6  62  100  2  21  81  65  1  36  138  68  0  14  111  10  0  9  58  11  37  74  138  17  8  79  138  14  2  43  85  0  2  57  68  8  59  82  138  34  8  25  138  14  2  25  14  1  13  59  96  15  3  91  138  53  0  26  138  35  7  8
398.508  312.748  6.64252  0.74157  15  9  22  14  141  1  3  70  141  7  0  37  83  44  0  0  10  90  26  0  136  80  25  21  141  24  0  22  139  44  0  16  38  86  11  12  63  112  75  2  141  28  4  24  133  25  0  38  55  27  4  37  40  78  35  5  141  66  6  12  122  21  0  19
329.425  329.407  6.17092  1.94698  22  10  17  56  144  9  0  52  144  4  10  56  11  12  98  39  56  10  49  34  144  18  1  32  144  8  6  40  26  22  64  5  97  6  9  84  144  33  0  30  144  23  14  12  31  2  59  22  128  36  0  19  144  91  0  37  113  28  6  80  14  0  21  62
346.057  292.348  8.11564  0.737878  4  38  1  2  28  47  0  1  38  73  9  0  53  70  18  11  9  9  8  33  122  37  0  21  88  99  1  18  39  114  33  6  30  63  11  12  131  112  1  20  99  100  0  39  92  131  9  10  131  92  0  10  86  131  13  1  89  131  1  0  113  131  1  9
373.406  307.407  8.00081  2.49169  12  0  21  127  7  0  41  127  81  1  18  127  127  19  17  57  15  1  70  127  117  20  13  127  100  18  11  74  127  0  3  127  33  14  25  28  127  8  1  45  40  2  43  71  114  0  9  90  9  1  11  25  45  0  0  57  18  0  24  105  83  0  11  82
296.093  311.114  8.56147  0.620294  5  7  4  17  15  28  9  12  73  51  3  9  51  34  0  17  19  0  10  30  145  89  2  9  75  145  20  0  48  145  1  1  21  34  10  7  145  17  1  24  145  113  8  16  34  145  3  18  10  145  42  3  145  128  17  13  145  10  0  41  31  9  2  20
229.305  327.449  7.31718  2.48427  6  0  41  125  125  3  10  58  64  24  125  16  0  13  123  6  41  2  12  45  125  17  2  22  60  3  125  63  0  1  110  20  38  3  2  5  125  21  6  31  49  91  125  34  0  22  67  7  23  29  3  0  125  49  1  20  119  105  114  37  0  77  125  1
327.605  294.934  12.8291  1.70948  10  0  86  58  93  14  3  32  135  16  0  35  135  25  20  19  21  4  46  23  99  2  1  49  135  26  0  30  135  21  9  10  9  11  29  10  71  2  9  35  135  19  0  135  124  6  1  135  2  67  92  1  7  26  32  18  108  40  6  96  135  41  12  94
267.444  329.386  13.1492  0.697714  0  21  119  10  26  6  4  15  80  83  0  2  54  98  0  0  0  84  123  10  71  87  20  10  123  70  0  13  65  85  1  6  3  101  105  89  38  123  31  69  123  88  2  57  58  2  2  82  2  0  35  123  38  4  5  123  70  22  1  123  18  23  17  89
350.681  325.294  12.8413  1.77672  23  1  17  134  121  3  0  134  116  5  1  119  14  3  23  89  63  5  10  31  134  13  0  36  134  21  10  22  25  42  81  20  42  1  3  24  134  9  0  48  134  19  1  22  23  22  30  30  10  0  6  10  134  4  3  79  134  6  0  134  29  1  25  116
365.283  297.625  15.6811  1.59098  3  2  27  61  50  0  9  133  133  5  0  109  59  22  0  47  3  5  133  94  95  6  17  95  133  14  0  80  112  12  17  71  8  2  92  47  120  3  1  26  133  35  0  12  96  29  37  10  1  30  80  3  73  3  5  34  133  12  0  105  55  3  23  97
