57
-51.5143 11.6497 279.861
-12.4116 -4.65242 285.958
10.8868 -13.7288 288.708
-40.2375 14.0066 274.376
-40.175 13.7153 274.257
-40.3821 0.00917417 288.364
-40.0466 14.0792 275.348
-40.175 13.7153 274.257
-47.9492 11.7543 279.957
-6.15341 -22.8479 311.993
-40.0411 -0.894575 289.742
-27.7881 7.37878 277.109
23.5794 -4.65592 273.118
21.1905 -21.8658 294.953
-51.2268 11.3406 278.718
-39.9346 13.8096 275.099
-40.0628 13.4481 274.03
-31.8806 -6.72132 296.285
20.5863 -1.52607 273.241
-40.1257 13.7381 274.128
-40.0628 13.4481 274.03
5.10314 -11.118 290.003
-55.925 12.2897 279.426
14.2846 -15.2914 289.19
19.1183 -9.85246 281.012
17.0869 -13.4555 283.611
-29.5296 -1.08977 289.312
9.03325 24.3879 246.598
8.52463 24.1028 245.302
-12.4942 -4.21382 284.99
27.6282 -20.037 288.592
36.094 -4.63736 269.335
23.4479 -9.7828 279.734
18.5448 12.3256 253.046
3.77181 -5.47411 282.239
-51.2909 7.52852 280.141
-22.0096 14.0376 273.607
-6.62789 -1.2383 280.529
-55.9981 3.99577 296.832
-22.4154 7.89154 282.741
10.444 23.4357 243.223
-32.4055 16.0041 270.617
27.2904 0.123987 263.625
-12.9232 4.68374 275.039
26.1435 -5.6566 274.147
-34.3044 11.9522 276.405
-34.3482 11.9868 276.258
-27.1205 13.2488 269.645
12.754 -8.73174 282.411
13.0215 -9.35067 282.767
9.47192 1.71879 268.281
-14.0245 4.8823 276.502
3.16207 -10.0611 290.856
-18.5532 -3.07506 288.669
-28.2303 3.81608 273.117
20.0238 -0.0521533 268.105
-7.62616 10.6061 271.124
