35
1 1
573.224  308.986  251.572  360.323
430.866  292.6  108.76  346.426
479.669  287.317  158.533  342.141
479.833  288.233  158.533  342.141
727.675  315.009  404.734  367.835
727.424  313.021  404.444  365.896
430.866  292.6  108.76  346.426
600.136  312.813  279.219  365.347
754.86  321.53  431.731  375.776
572.386  307.177  251.572  360.323
583.968  302.443  263.634  355.58
733.951  313.297  410.289  362.652
406.368  303.326  82.7934  356.718
729.543  323.784  406.557  376.38
693.999  311.598  372.208  363.415
692.626  306.013  370.452  358.95
641.528  299.713  319.658  349.162
380.017  297.854  55.8621  355.052
609.138  317.979  288.466  371.144
695.087  310.381  372.79  362.647
595.914  308.634  275.506  361.727
604.09  299.127  283.964  352.29
666.122  326.724  344.051  380.224
574.648  310.22  254.577  362.314
642.582  296.112  320.956  348.824
664.763  301.565  342.568  357.009
565.928  306.655  246.273  361.56
695.087  310.381  372.208  363.415
642.661  305.266  320.787  358.045
426.054  286.158  106.143  339.706
575.307  309.226  254.577  362.314
421.572  294.192  99.2113  349.5
736.714  316.809  413.571  368.995
454.932  288.479  134.335  341.755
598.833  317.812  282.247  368.247
