73
1 1
363.422  282.198  144.44  243.773
363.422  282.198  143.652  244.409
340.719  182.027  123.538  141.652
510.866  197.005  289.225  158.698
339.917  258.636  120.096  220.438
339.917  258.636  119.164  220.641
387.129  212.149  167.23  173.162
554.055  186.077  332.68  148.074
554.055  186.077  334.222  148.05
369.226  233.489  149.974  194.476
313.075  293.075  93.3244  255.472
627.681  228.087  402.891  191.327
600.86  235.075  375.662  197.416
382.278  306.073  162.632  268.861
386.652  212.033  167.23  173.162
339.72  275.921  119.771  238.072
320.656  240.816  101.697  201.572
320.656  240.816  101.049  202.269
312.773  278.343  93.1707  240.474
312.773  278.343  94.6875  241.507
529.781  257.508  307.532  219.472
529.781  257.508  308.282  219.756
335.263  179.161  114.254  139.566
315.251  223.906  95.6512  184.918
390.671  225.858  170.172  185.792
390.671  225.858  171.163  187.137
335.495  254.661  115.769  216.262
574.783  302.642  352.002  266.561
341.445  182.509  123.538  141.652
596.87  218.596  373.705  181.285
360.924  276.6  141.515  238.87
333.467  179.406  114.254  139.566
509.747  196.912  289.225  158.698
539.726  217.142  321.925  179.522
316.868  193.826  97.9562  154.046
599.661  234.486  375.662  197.416
522.659  294.671  300.321  256.275
522.659  294.671  300.708  257.488
383.276  255.794  163.531  217.645
529.523  256.92  307.532  219.472
529.523  256.92  308.282  219.756
340.057  344.931  120.91  308.138
572.438  227.705  349.955  190.47
336.17  192.877  116.606  152.266
338.169  172.108  119.565  131.986
638.175  219.45  416.435  181.834
335.382  253.671  115.769  216.262
651.353  269.307  426.864  231.115
381.86  311.17  161.999  273.902
655.706  291.048  426.739  252.208
595.361  218.036  373.705  181.285
522.455  293.573  300.321  256.275
522.455  293.573  300.708  257.488
512.727  163.395  298.887  121.936
386.94  307.786  167.228  270.887
328.736  187.754  113.422  147.832
364.536  205.678  144.29  167.637
530.917  269.926  309.53  231.695
390.003  248.13  168.386  211.292
541.267  179.064  320.74  140.976
313.941  279.321  93.1707  240.474
313.941  279.321  94.6875  241.507
521.688  172.522  302.877  133.571
380.518  316.233  160.103  279.27
571.054  270.032  347.552  233.19
592.412  175.363  369.831  137.751
603.758  266.817  375.195  230.605
385.111  247.725  163.996  207.888
329.863  352.409  110.891  315.607
641.472  259.215  414.983  222.191
366.29  342.433  147.444  305.689
340.443  183.818  123.538  141.652
501.173  199.551  280.936  161.019
