68
-70.9782 30.785 -246.61
-69.8264 20.2053 -256.369
-69.9974 20.2636 -256.71
-8.92788 10.9519 -265.259
-74.9102 12.3278 -260.702
-74.8802 12.3315 -260.579
-74.9491 12.5048 -259.831
-43.7742 7.38131 -264.694
-73.5675 29.4392 -246.632
-69.8264 20.2053 -256.369
-69.9974 20.2636 -256.71
-74.6739 12.2825 -261.37
-74.6439 12.2863 -261.246
-74.7114 12.459 -260.473
-70.2921 25.236 -251.087
-2.36291 12.5764 -262.44
-81.3664 19.6946 -253.27
-4.43427 11.8865 -265.356
-67.9972 16.9526 -258.755
-70.2847 17.8626 -254.297
-42.1584 22.3842 -255.72
-73.3967 -1.11502 -271.27
-73.3798 -1.42791 -272.784
-36.8819 8.11009 -265.996
-59.5952 12.6108 -262.359
-51.3469 11.703 -264.328
-41.2194 12.3928 -267.436
-50.2518 -3.3485 -275.757
-52.55 11.4917 -264.225
-66.1791 28.2202 -250.329
-57.1989 7.62716 -266.965
-8.12183 1.35119 -273.831
-22.1089 9.33937 -261.709
-42.0597 5.99415 -268.886
-76.1581 5.99813 -259.736
-77.236 5.91891 -263.264
-72.5813 -1.49255 -271.595
-72.5709 -1.80873 -273.234
-77.6285 16.7547 -256.445
-71.7319 25.8299 -252.525
-32.0395 22.1099 -255.699
-49.5619 1.67299 -271.544
-69.8268 17.8302 -255.739
-23.1339 6.91305 -269.777
-70.8986 6.43423 -265.582
-62.7055 18.6342 -256.813
-49.7875 -0.902256 -272.413
-49.5965 -0.854277 -271.447
-49.7469 7.77901 -268.237
-74.4212 29.7364 -247.309
-36.7622 14.0024 -263.581
-37.5873 6.24791 -269.892
-74.5839 12.0502 -260.132
-74.5541 12.054 -260.01
-74.6201 12.226 -259.23
-84.1841 13.905 -257.228
-42.6144 22.7732 -256.739
-47.0591 16.2076 -260.31
-52.0296 14.8236 -260.959
-50.6826 9.32481 -264.657
-49.7869 8.11282 -273.87
-80.0704 2.82967 -264.571
-37.6358 2.16473 -270.569
-33.4153 19.266 -259.411
-61.1735 13.2934 -259.639
-58.2774 24.7538 -258.333
-40.6486 22.0533 -256.724
-40.9115 22.2372 -256.436
