15
1 1
464.027  276.074  242.268  386.6
588.473  291.634  353.542  400.596
472.16  268.603  250.725  379.473
472.16  268.603  250.725  379.473
488.606  272.455  267.686  382.545
472.155  273.277  262.287  383.417
405.758  262.518  189.159  373.498
568.453  285.827  338.375  395.617
538.209  287.997  309.27  400.817
473.31  278.718  252.699  388.62
105.762  394.708  74.1865  391.664
535.731  283.399  308.147  394.813
539.65  291.603  309.085  402.433
438.323  268.772  218.111  379.18
620.232  294.713  380.122  406.408
