70
1 1
539.65  291.603  309.085  402.433
503.024  259.247  285.159  368.878
469.113  277.799  244.353  388.591
460.387  321.187  220.766  433.25
502.766  251.705  286.681  361.52
502.766  251.705  285.621  361.78
583.306  332.37  335.67  444.147
488.322  274.611  265.779  387.684
529.134  276.779  304.236  386.592
586.628  291.171  352.999  401.234
586.628  291.171  353.102  401.177
586.628  291.171  353.889  402.497
493.489  323.81  252.823  434.14
577.075  315.976  336.973  426.613
577.075  315.976  336.107  426.42
567.802  249.208  353.658  360.583
567.802  249.208  352.73  358.815
503.851  302.811  269.723  413.553
381.866  258.114  168.241  368.082
482.737  291.295  256.576  400.025
577.075  315.976  336.973  426.613
577.075  315.976  336.107  426.42
387.162  286.472  160.412  396.902
427.686  274.639  206.526  384.1
468.356  260.261  250.555  370.757
470.601  295.682  241.576  406.308
598.03  346.686  344.406  459.492
553.558  310.294  315.783  422.265
506.467  277.292  282.946  386.757
518.328  298.542  285.205  409.237
588.473  291.634  352.999  401.234
588.473  291.634  353.102  401.177
588.473  291.634  353.889  402.497
615.547  314.693  370.959  426.049
590.886  351.726  335.055  463.052
511.193  281.622  283.957  392.23
469.699  272.691  248.787  382.154
568.847  305.462  331.957  416.019
577.82  308.865  335.702  419.229
463.264  312.255  227.593  422.992
601.258  305.606  359.727  415.59
367.227  290.931  138.551  402.876
572.705  251.387  353.658  360.583
572.705  251.387  352.73  358.815
557.04  296.576  330.014  402.444
542.225  291.453  316.821  407.51
517.163  288.144  289.131  398.697
501.729  244.979  290.207  354.357
513.585  288.808  285.54  399.264
586.86  290.118  352.999  401.234
586.86  290.118  353.102  401.177
586.86  290.118  353.889  402.497
619.57  296.244  380.928  407.214
581.431  309.687  335.702  419.229
426.561  281.211  197.108  393.353
542.837  331.298  299.008  437.85
570.763  341.666  322.807  454.079
491.913  322.298  251.475  433.814
487.963  321.913  246.307  431.634
487.963  321.913  247.871  432.914
586.929  334.257  340.202  445.059
409.768  286.269  256.569  423.015
482.86  271.694  261.565  381.804
590.411  299.604  353.515  410.42
601.016  348.108  346.394  459.446
526.102  259.804  307.16  369.974
570.805  273.295  343.98  383.245
562.606  291.522  331.679  400.373
505.305  258.708  288.269  369.037
490.351  286.099  264.083  396.381
