18
1 1
547.241  256.233  324.703  219.143
349.682  266.483  129.872  228.458
368.002  269.186  148.474  231.443
312.773  278.343  93.1707  240.474
360.924  276.6  141.515  238.87
381.426  267.803  161.65  230.006
339.72  275.921  119.771  238.072
640.734  256.911  415.398  220.761
603.758  266.817  375.195  230.605
313.941  279.321  93.1707  240.474
530.09  257.172  307.532  219.472
530.09  257.172  307.79  220.166
571.054  270.032  347.552  233.19
570.309  262.898  348.236  227.086
570.309  262.898  347.874  226.101
570.309  262.898  348.236  227.086
641.48  257.917  415.398  220.761
312.924  265.552  93.1329  227.416
