193
1 1
330.318  245.915  110.688  207.855
651.621  277.804  424.378  240.875
369.881  295.104  152.984  257.717
527.21  249.152  306.48  211.574
362.78  346.299  143.624  309.396
518.021  147.646  300.157  108.586
612.554  209.621  388.807  172.103
522.455  293.573  300.708  257.488
522.455  293.573  300.321  256.275
349.005  258.894  127.581  222.401
366.29  342.433  147.444  305.689
542.103  217.435  317.523  181.157
310.293  271.457  91.6499  233.574
522.269  212.955  302.001  175.973
565.092  230.144  342.435  192.913
322.106  350.707  103.26  313.969
569.631  184.903  347.502  147.196
528.985  189.14  308.32  150.886
351.705  291.821  132.284  253.755
348.407  181.662  129.393  141.763
317.827  247.897  105.916  165.144
520.465  213.586  299.661  175.988
540.93  162.131  319.231  124.269
547.842  255.293  325.299  217.841
574.783  302.642  352.002  266.561
555.177  186.98  333.771  148.972
314.144  349.778  95.2892  312.884
490.819  240.718  267.551  152.1
390.107  249.911  170.68  211.912
352.917  242.79  133.629  202.594
318.376  337.015  99.5156  300.378
520.356  219.24  299.495  181.384
566.627  186.284  344.796  148.431
322.289  211.955  102.88  172.794
574.69  159.131  354.643  120.78
548.883  265.528  326.451  228.052
574.095  303.641  352.002  266.561
638.019  272.395  411.593  235.333
341.327  203.58  122.547  164.311
607.295  299.603  382.167  262.187
541.267  179.064  320.74  140.976
528.237  210.932  307.053  173.089
569.222  155.015  350.293  116.103
521.688  172.522  302.877  133.571
326.896  214.841  107.619  175.526
328.535  351.368  110.385  315.276
388.361  241.735  168.566  203.619
573.907  159.199  353.277  120.99
339.92  370.466  121.366  333.392
340.375  279.042  120.476  241.192
352.929  268.113  133.352  229.697
521.516  278.478  299.614  241.085
340.608  343.887  121.502  307
452.905  322.708  233.029  284.709
325.998  351.313  109.569  314.676
322.106  350.707  103.26  313.969
549.725  179.778  328.523  141.643
335.647  279.826  113.276  241.949
334.567  168.422  116.146  127.697
334.567  168.422  117.077  127.105
521.578  213.07  302.001  175.973
380.191  259.564  160.535  221.887
632.702  242.213  407.394  204.521
336.801  310.546  115.548  271.23
359.829  276.191  139.974  238.447
469.925  245.307  249.71  207.431
469.925  245.307  250.968  208.217
314.785  225.895  95.2583  186.843
345.924  358.848  126.834  322.432
315.802  278.972  96.018  241.199
315.275  272.125  95.7484  234.165
547.646  206.064  325.621  168.122
573.907  159.199  353.277  120.99
382.264  238.996  162.625  200.563
335.183  338.025  115.904  300.869
325.353  217.712  106.541  178.503
359.601  276.201  139.974  238.447
536.188  265.455  314.146  227.991
329.649  196.781  110.58  157.231
342.478  343.58  121.502  307
456.73  207.785  237.043  169.375
387.826  253.034  168.058  214.911
338.169  172.108  119.565  131.986
487.479  207.108  267.168  168.667
316.868  193.826  97.9562  154.046
335.936  275.862  116.037  238.309
334.143  288.075  114.004  250.773
365.843  272.26  146.154  234.369
528.101  217.642  305.747  179.785
504.988  194.095  283.964  156.207
342.631  362.288  123.51  325.602
342.631  362.288  124.268  325.969
322.278  201.937  102.998  162.404
331.593  266.475  111.628  228.809
609.254  299.457  382.167  262.187
554.055  186.077  334.222  148.05
554.055  186.077  332.68  148.074
341.58  361.765  122.652  325.015
605.162  316.669  380.145  279.732
381.86  311.17  161.999  273.902
329.377  225.238  109.719  186.486
559.463  278.772  336.661  241.558
489.349  178.124  268.912  139.452
347.797  222.92  128.879  184.098
369.445  233.078  149.974  194.476
323.085  199.452  104.179  159.997
352.993  330.099  131.823  292.837
337.041  387.232  120.999  351.184
337.041  387.232  119.424  350.774
369.226  233.489  149.974  194.476
611.809  227.462  381.907  191.667
350.295  255.695  130.324  217.322
597.461  225.416  372.819  188.399
312.904  245.287  93.0946  202.227
388.672  300.975  168.889  263.715
576.134  255.59  354.829  218.194
313.653  228.032  93.9926  189.195
382.278  306.073  162.632  268.861
308.506  260.028  88.7553  221.897
553.83  261.239  331.424  223.964
328.054  212.686  108.601  173.495
347.109  307.357  127.388  269.731
341.089  281.59  122.149  244.59
341.089  281.59  121.352  243.935
394.821  221.319  176.051  182.292
669.303  278.192  441.667  241.112
312.221  258.685  92.4551  217.602
333.55  264.213  110.203  226.444
389.224  326.396  169.875  288.885
601.536  261.483  374.704  225.339
303.931  262.717  84.1859  224.671
341.514  279.46  121.812  241.716
520.815  263.812  298.457  226.537
306.506  315.916  87.241  279.298
341.324  384.871  123.54  348.22
392.452  222.757  171.442  172.008
588.014  159.744  366.912  121.526
588.014  159.744  366.912  121.526
344.117  274.777  120.532  237.437
327.613  222.607  108.375  183.555
344.036  330.266  125.629  293.174
317.33  245.722  97.6665  207.272
336.199  349.226  117.185  312.676
596.87  218.596  373.705  181.285
335.416  350.382  116.403  313.741
381.687  221.562  162.394  182.699
390.789  254.42  170.788  216.584
627.69  235.01  402.716  198.108
529.356  224.682  307.813  187.191
536.65  277.415  314.404  240.183
339.917  258.636  120.096  220.438
339.917  258.636  119.164  220.641
342.385  183.711  121.25  143.202
320.644  231.638  101.07  192.864
650.222  238.41  424.109  201.44
646.388  274.101  418.843  236.98
646.388  274.101  420.588  237.542
576.854  195.497  354.301  157.962
544.345  170.798  324.618  132.472
364.604  349.576  143.277  306.95
363.679  297.023  144.369  259.489
388.369  332.55  168.991  296.005
340.52  286.858  120.357  254.001
329.938  293.897  110.182  256.383
517.574  215.659  296.61  178.104
366.638  271.462  147.178  235.163
329.915  288.774  106.017  252.14
363.422  282.198  144.44  243.773
363.422  282.198  143.652  244.409
502.884  228.547  282.292  191.155
383.276  255.794  163.531  217.645
319.416  396.32  101.924  359.918
382.257  254.158  162.596  216.147
534.039  155.747  318.156  116.888
534.039  155.747  316.518  117.806
393.889  227.564  175.093  189.286
320.185  202.116  100.055  161.512
322.46  175.686  104.071  135.615
348.639  318.161  129.46  280.793
539.726  217.142  321.925  179.522
446.815  283.888  225.732  246.682
558.283  228.037  336.3  190.459
393.627  246.996  174.341  208.826
333.369  346.886  110.995  309.381
475.676  294.428  249.038  179.004
328.816  226.15  104.795  185.991
597.922  260.202  373.57  223.415
501.173  199.551  280.936  161.019
641.48  257.917  415.398  220.761
656.965  291.358  428.009  253.997
656.965  291.358  428.711  254.236
509.958  267.585  288.714  230.255
509.958  267.585  288.714  230.255
