51
1 1
436.976  221.701  273.149  222.443
445.124  282.326  267.409  283.182
445.124  282.326  267.812  283.38
362.592  221.524  205.738  223.436
434.876  406.919  232.077  409.229
607.588  454.463  378.339  455.446
441.926  282.358  264.682  283.351
341.384  289.196  171.772  290.318
624.989  299.452  428.565  299.613
533.781  411.445  321.972  411.701
308.28  300.278  139.561  301.345
361.64  402.466  166.253  405.318
403.872  300.693  226.665  301.514
624.385  379.525  407.511  379.635
399.177  405.446  200.138  406.878
523.951  433.623  307.289  433.663
465.459  232.323  298.359  233.277
407.91  288.772  231.386  288.39
605.325  346.79  400.302  346.875
284.267  335.981  111.326  338.48
405.51  407.3  204.476  408.506
569.301  427.542  348.869  427.189
493.113  419.776  280.778  419.79
619.398  354.011  410.398  353.931
494.567  406.746  291.036  409.64
454.388  406.141  250.742  406.957
386.402  229.077  226.159  230.484
575.004  428.091  354.555  428.464
386.616  229.199  226.159  230.484
393.472  362.201  203.32  363.091
438.615  223.589  274.85  224.516
338.918  288.348  169.722  289.703
338.918  288.348  169.146  290.599
493.144  415.551  282.158  416.441
438.766  273.899  264.478  274.69
399.642  366.254  207.523  368.173
610.066  360.15  400.361  360.748
341.994  260.399  178.09  260.833
608.808  352.51  399.399  352.359
527.035  378.349  320.549  378.691
556.406  423.96  339.109  423.673
630.775  381.606  413.08  384.106
404.876  407.318  204.476  408.506
541.722  422.142  323.432  419.982
325.621  372.575  139.162  373.269
587.452  366.265  376.244  366.696
425.053  390.539  225.766  391.321
432.25  270.944  258.189  271.368
496.779  399.296  289.579  400.277
582.044  403.389  363.678  404.741
516.777  391.607  309.117  390.991
