397
1 1
691.654  364.181  370.719  416.073
690.982  382.068  370.062  434.003
737.848  340.163  416.008  391.978
679.311  278.52  356.688  332.396
751.635  282.397  427.555  336.5
583.762  339.046  262.574  391.539
602.031  429.655  284.125  482.918
676.579  312.835  353.942  365.196
597.483  207.331  278.867  264.04
669.007  411.598  350.12  463.629
535.617  402.209  215.712  456.56
621.307  370.977  302.137  424.314
496.244  413.387  175.807  465.95
627.29  406.456  308.197  459.292
521.841  386.936  202.124  440.438
377.917  228.719  56.4234  283.366
467.927  195.074  150.619  250.629
619.778  336.347  299.425  388.952
680.906  339.221  359.466  391.791
492.861  162.495  178.694  218.678
557.162  346.298  236.364  399.384
581.75  382.433  261.801  435.688
441.572  349.25  119.174  402.65
672.883  295.895  351.032  349.425
749.771  200.522  426.503  257.255
613.07  383.26  293.259  436.28
746.211  411.872  426.171  463.274
647.288  377.371  326.929  430.379
434.529  259.55  111.592  312.404
642.582  296.112  320.956  348.824
758.701  298.875  434.979  351.21
681.22  287.135  359.805  340.45
683.664  368.732  362.607  420.968
702.451  276.333  379.769  330.003
569.357  326.728  249.115  379.667
634.907  351.208  313.95  403.924
424.195  362.252  100.784  416.594
632.112  250.377  311.885  303.943
643.341  208.575  323.238  264.436
643.341  208.575  324.213  262.956
523.503  385.805  204.432  438.553
678.687  301.667  356.104  354.612
652.011  296.998  330.346  350.077
652.011  296.998  331.486  351.481
636.529  332.358  316.436  385.246
488.306  330.29  166.46  382.435
649.29  371.87  328.478  424.541
700.596  318.921  378.639  371.621
658.917  370.115  343.338  423.074
670.065  319.411  348.143  372.213
622.158  371.309  302.137  424.314
447.051  396.055  122.926  447.965
477.07  378.522  155.374  432.522
434.383  157.778  119.684  214.494
590.699  396.948  270.88  449.623
697.625  317.327  375.154  370.122
442.153  197.084  124.552  251.433
442.153  197.084  124.604  251.299
639.767  374.456  319.562  427.821
556.737  241.772  237.282  296.021
386.152  196.511  67.8454  252.039
763.508  181.942  439.978  240.16
569.646  377.286  249.536  430.693
441.816  243.128  121.34  298.014
567.242  310.804  246.6  364.577
657.116  371.456  336.533  424.344
756.499  316.913  431.97  370.357
454.423  359.913  132.831  416.855
667.349  319.001  345.636  372.035
664.442  430.634  345.598  482.832
552.983  200.475  234.489  257.585
558.395  335.896  237.553  388.668
623.853  381.244  303.995  433.665
627.631  316.829  305.033  369.894
491.516  363.136  169.74  417.205
487.008  318.499  165.33  372.465
693.999  311.598  372.208  363.852
693.999  311.598  372.208  363.415
567.52  311.694  246.6  364.577
443.244  162.466  127.697  219.206
766.864  195.996  442.837  252.521
648.29  370.977  327.402  423.604
671.922  312.932  351.254  365.666
636.662  250.126  316.354  304.68
440.55  261.563  119.638  316.605
573.044  382.813  253.548  436.253
491.804  410.074  170.704  464.179
570.904  186.728  250.686  242.764
382.493  300.437  58.9719  354.594
435.558  168.633  119.557  225.136
562.957  216.935  243.872  271.571
735.184  248.676  410.707  302.725
769.362  240.756  445.216  295.294
354.589  179.734  36.5273  235.21
417.89  241.241  96.7108  295.702
697.956  345.772  375.994  396.986
567.52  311.694  246.6  364.577
647.285  441.355  328.754  493.629
694.062  179.783  374.309  236.799
755.894  166.24  433.881  225.227
744.422  382.486  423.23  434.006
491.968  341.304  169.532  395.279
681.33  208.854  359.741  264.415
612.88  266.936  292.155  320.242
726.226  205.621  403.489  261.678
502.581  328.104  180.979  378.545
412.718  274.931  90.4825  329.032
446.347  182.719  126.971  237.565
675.734  418.595  356.416  471.338
654.046  187.294  334.115  244.747
439.225  279.332  116.774  332.449
601.628  270.092  282.44  325.336
756.364  375.019  434.49  426.868
389.048  358.665  64.9046  411.846
400.023  340.169  74.1697  394.928
755.449  213.426  432.222  270.05
733.673  265.267  411.297  319.356
656.266  278.526  334.913  332.333
464.953  168.451  149.45  225.219
453.715  407.521  131.323  462.034
453.715  407.521  131.418  461.158
549.845  274.115  230.172  327.161
766.572  199.906  442.481  255.826
604.84  362.145  284.666  414.379
640.711  410.96  321.076  463.377
560.562  322.494  239.908  375.428
551.683  246.099  233.496  296.94
759.455  381.81  438.155  433.57
388.102  136.614  74.6091  194.017
496.028  351.212  174.558  404.654
619.319  206.388  300.209  261.719
569.409  348.46  248.299  402.366
606.087  304.047  285.014  356.843
678.763  437.589  360.044  490.072
678.763  437.589  361.904  490.305
495  351.392  173.634  405.39
688.656  446.491  370.778  499.109
450.627  412.872  128.497  467.865
646.875  266.219  325.26  317.638
422.533  253.187  101.064  307.637
758.662  297.775  434.979  351.21
445.983  215.218  127.191  270.039
610.962  341.702  290.708  394.261
436.645  181.633  119.917  237.623
395.593  349.558  71.8558  403.076
479.833  288.233  158.533  342.141
678.583  210.181  357.378  265.34
636.529  332.358  316.436  385.246
531.244  181.575  208.616  237.307
703.165  353.908  380.583  406.712
596.779  431.223  278.066  484.804
567.072  311.15  246.6  364.577
640.029  273.016  318.438  326.703
657.417  241.036  335.55  294.465
658.363  344.928  337.304  397.814
434.805  357.455  111.817  411.568
759.808  269.332  435.639  322.826
519.216  407.074  199.388  460.944
702.362  430.061  384.895  482.582
434.476  357.435  111.817  411.568
515.14  383.478  194.122  437.446
450.687  159.234  146.24  215.911
642.661  305.266  320.787  358.045
464.764  187.929  147.496  243.639
587.165  413.283  267.915  466.84
443.331  209.259  124.365  264.696
593.734  221.466  274.776  276.881
625.631  192.001  306.354  247.817
760.014  265.822  435.277  319.897
709.362  361.834  387.299  414.159
588.081  270.625  267.023  325.115
588.081  270.625  267.635  324.233
409.371  321.704  85.9363  373.833
613.332  342.9  292.496  395.553
689.534  274.239  367.068  328.31
424.439  160.908  109.172  217.837
640.873  241.825  320.509  295.566
491.455  409.38  170.704  464.179
411.084  366.331  86.7598  420.591
625.296  448.37  307.666  501.742
507.526  215.119  187.523  271.668
722.116  345.914  399.944  397.498
729.264  382.939  408.416  434.716
565.27  186.577  247.844  242.709
489.07  180.852  172  236.69
396.77  185.721  79.1254  241.331
489.2  329.274  166.46  382.435
507.486  340.692  185.742  394.464
600.652  354.338  280.095  407.335
464.117  188.897  147.53  244.238
769.086  236.613  444.52  291.046
681.492  438.707  363.38  491.014
561.182  431.437  243.059  485.271
419.468  297.463  96.491  351.194
523.075  393.855  202.708  447.635
663.766  192.161  343.614  248.936
430.733  236.936  110.175  291.755
625.792  362.938  305.223  415.45
436.734  348.432  115.203  401.771
412.412  400.308  87.917  457.022
684.201  308.958  362.013  361.736
580.157  346.506  259.517  399.324
578.915  355.302  258.801  409.59
490.978  220.009  172.752  274.725
621.877  229.826  301.833  285.416
426.054  286.158  106.143  339.706
424.568  149.607  109.969  206.662
777.205  208.128  452.987  264.458
432.905  243.847  112.898  297.945
647.943  344.503  326.799  397.379
556.656  427.025  237.819  480.811
771.261  241.173  445.32  296.557
771.261  241.173  446.525  295.756
625.305  321.871  303.634  374.422
410.513  423.851  88.0318  479.749
462.994  397.117  140.047  451.134
374.268  434.374  49.7322  490.079
629.134  214.485  309.737  270.354
696.986  427.022  381.441  477.725
607.282  285.324  286.648  338.851
650.961  452.038  333.278  505.383
652.867  259.187  331.66  313.045
628.55  287.089  306.941  340.487
441.32  201.544  122.8  256.898
413.031  270.523  90.1061  326.84
583.657  348.448  263.172  401.635
507.486  340.692  184.339  395.703
562.957  216.935  243.872  271.571
688.713  447.605  373.654  501.293
411.809  312.141  88.6134  366.166
411.714  423.778  88.0318  479.749
556.49  200.686  238.67  256.653
576.416  216.831  258.308  274.709
693.707  426.152  375.738  478.127
356.06  236.425  35.6807  291.54
469.234  405.063  147.395  459.602
419.044  366.356  95.5708  420.532
498.927  389.843  177.806  443.865
429.689  283.426  108.703  341.42
496.638  411.771  175.807  465.95
467.826  393.614  147.019  447.405
587.468  271.218  267.067  329.685
668.337  186.688  348.939  244.333
453.879  406.62  131.323  462.034
453.879  406.62  131.418  461.158
418.154  397.848  94.2965  452.95
703.788  205.326  381.611  260.104
449.131  415.213  126.654  469.789
730.142  270.78  406.388  324.703
542.502  209.061  224.566  264.157
579.696  363.115  258.972  416.277
631.607  256.368  310.156  311.418
442.68  195.513  124.552  251.433
442.68  195.513  124.604  251.299
358.009  236.885  35.6081  291.91
358.009  236.885  35.3115  291.448
380.452  355.314  55.5173  412.024
547.867  363.394  224.317  417.105
585.209  391.561  265.553  444.784
464.953  168.451  149.45  225.219
456.47  348.405  134.085  402.506
453.294  249.111  132.908  303.217
761.196  342.438  437.637  394.508
540.503  252.854  220.725  307.372
490.847  263.568  170.609  317.585
755.449  213.426  432.222  270.05
585.147  253.235  264.987  307.414
389.104  357.541  64.9046  411.846
691.709  446.302  377.18  498.613
695.927  450.048  378.554  502.674
592.976  206.773  274.372  262.622
626.474  408.903  306.687  461.891
593.415  418.064  274.225  471.434
563.171  235.177  243.768  289.858
434.919  227.886  114.776  282.496
425.523  285.662  106.143  339.706
610.565  265.611  290.14  320.118
754.86  321.53  431.731  375.776
444.42  410.341  121.59  465.448
584.199  215.896  265.173  271.085
647.393  380.596  328.559  432.719
493.347  263.809  172.983  317.704
413.605  213.309  93.8932  268.576
609.428  225.43  289.653  279.976
777.698  281.991  452.856  335.395
589.455  373.87  268.793  427.488
582.42  277.78  262.029  331.612
744.363  403.912  424.192  455.736
678.448  212.72  356.996  268.179
771.261  241.173  446.525  295.756
514.366  397.19  196.373  453.43
371.617  221.312  47.852  275.813
514.982  345.28  193.444  398.902
369.263  383.128  43.4779  438.186
369.263  383.128  43.9274  438.25
400.547  414.313  74.5437  469.873
628.493  428.553  309.299  482.228
421.898  134.162  110.311  191.916
569.737  241.902  249.657  297.264
569.737  241.902  249.648  295.908
725.963  355.44  404.059  406.93
413.514  413.186  89.7398  468.381
467.437  393.036  147.019  447.405
562.489  186.582  245.238  242.879
661.536  366.261  340.989  419.273
456.953  418.83  134.843  473.699
388.939  349.144  64.6268  404.031
593.266  417.614  274.225  471.434
441.32  201.544  122.8  256.898
692.742  174.73  371.947  233.163
457.402  392.429  132.777  447.171
680.245  211.571  356.862  266.674
440.453  419.042  117.703  474.182
661.591  227.268  340.855  282.654
708.002  173.666  386.93  231.975
363.685  367.441  37.6703  422.467
493.951  225.705  174.113  281.585
431.916  250.947  110.075  306.774
548.059  263.482  228.299  317.906
392.717  216.455  74.3851  275.22
443.166  227.028  123.737  281.783
730.813  383.072  409.425  435.056
587.18  223.556  268.273  278.442
562.434  231.579  243.637  288.43
622.361  333.051  301.393  385.102
406.32  422.871  83.1437  478.122
599.488  309.823  279.085  362.36
452.957  359.01  132.039  416.182
694.803  394.382  374.451  446.489
692.348  216.042  370.955  271.707
660.619  345.157  339.709  397.273
660.619  345.157  339.272  397.548
732.593  381.909  411.339  433.559
682.729  309.623  361.094  362.869
657.829  215.182  337.238  273.07
501.405  227.074  181.883  281.669
544.526  228.708  225.936  284.014
563.582  288.551  242.864  340.112
563.582  288.551  243.568  340.616
626.602  362.348  306.214  414.902
728.888  252.897  405.341  306.694
631.738  183.418  312.693  240.739
427.366  424.72  104.033  480.121
456.305  241.332  136.811  296.154
550.696  266.555  232.868  323.558
561.566  208.574  242.607  261.414
565.928  306.655  246.273  361.56
466.24  238.518  148.93  293.646
594.932  348.482  272.246  399.224
472.737  284.142  150.755  339.206
407.896  149.719  93.6164  206.587
500.749  226.725  181.883  281.669
464.325  429.932  143.504  484.952
632.792  344.293  312.82  397.665
612.819  384.709  292.674  437.366
597.969  294.92  277.894  348.663
481.564  421.231  161.384  476.128
629.29  200.196  310.096  256.399
682.97  351.9  361.392  403.77
562.101  233.815  243.768  289.858
571.4  280.738  265.115  333.571
709.117  194.406  387.64  251.437
427.003  424.165  104.033  480.121
582.227  274.385  261.902  328.462
446.784  187.831  129.698  243.485
626.468  200.507  307.378  256.162
507.89  325.244  186.611  378.16
416.745  441.938  93.167  498.02
704.843  277.471  382.29  331.478
642.37  203.856  322.523  259.165
414.107  211.595  93.8932  268.576
406.632  436.684  82.7823  492.792
582.12  292.4  261.352  346.36
427.675  237.961  110.619  296.15
771.255  335.566  447.527  387.399
447.638  393.259  124.871  448.066
478.856  354.889  161.484  407.525
460.6  440.781  137.891  495.229
647.487  223.069  327.787  278.974
421.687  399.233  97.7729  455.003
674.654  433.083  360.606  484.5
674.654  433.083  361.72  483.363
602.737  306.874  281.816  360.16
402.633  433.182  78.7028  489.344
423.075  431.146  99.4057  487.57
406.075  436.023  82.7823  492.792
406.075  436.023  82.6442  492.183
499.326  195.186  181.467  252.22
508.723  391.911  187.622  445.873
407.821  434.987  83.8905  491.127
423.911  233.925  103.584  288.885
592.806  267.11  272.867  321.34
387.64  138.81  73.7247  195.673
597.959  226.414  278.829  281.468
698.282  284.043  374.563  338.675
698.282  284.043  375.506  338.208
695.927  450.048  378.554  502.674
