35
-20.4484 23.2751 167.987
-59.4199 18.9852 166.774
-46.0111 17.7425 167.339
-45.988 17.8729 167.385
21.6542 25.1197 167.922
21.5702 24.578 167.898
-59.4199 18.9852 166.774
-12.9098 24.5344 168.309
28.9996 27.0746 167.765
-20.5376 23.048 168.147
-17.2431 21.786 168.441
23.3313 24.1963 168.056
-66.197 21.7457 166.014
22.1631 27.4939 167.93
12.7794 24.1224 168.446
12.2307 22.6957 168.114
-1.63719 20.5342 168.467
-73.2703 20.6639 165.114
-10.3901 26.0504 168.38
12.9023 23.8075 168.151
-13.968 23.4844 168.462
-11.6454 20.9027 168.64
4.92264 28.4233 167.932
-19.7316 23.8106 168.652
-1.39581 19.9559 168.173
4.43877 21.755 167.629
-22.1069 23.1838 168.429
12.6853 23.8583 167.771
-1.4462 22.4586 168.035
-60.5108 17.3036 167.835
-19.7153 23.6107 168.207
-61.9511 19.5761 166.408
24.1147 25.5301 167.953
-52.6971 17.8861 167.683
-12.1779 25.982 170.684
