26
-78.5652 5.15266 233.042
4.83346 -2.1119 231.872
-10.4524 3.90456 233.821
-0.179911 2.28287 233.469
-90.5306 1.57794 234.299
-75.1123 0.721617 234.298
-80.8297 2.8764 233.855
-88.6361 1.37309 233.849
-78.4695 6.1245 234.135
-78.8578 5.04669 234.034
-79.3476 -0.1468 233.765
33.3678 -3.33228 230.861
-90.5366 1.13342 233.671
20.1766 -0.170025 231.971
-70.2518 5.14633 234.663
-70.3543 5.25655 234.168
9.31095 1.36985 233.382
-6.24868 -1.13043 233.794
35.657 2.37152 231.718
-79.0003 1.1097 233.8
20.0013 -0.73315 232.066
-73.9035 6.35736 234.394
0.214435 2.75527 233.901
2.41569 -1.32551 233.621
7.02012 0.895651 232.424
-69.4173 1.43988 234.197
