311
0.8 0.8
343.425  176.148  368.085  170.294
518.672  305.41  554.31  195.183
307.414  360.981  319.85  388.331
119.723  262.725  149.726  69.321
156.623  240.359  185.606  41.1587
311.226  179.965  332.281  187.561
207.185  420.966  232.601  410.252
285.279  277.488  301.23  310.309
466.913  373.338  469.114  392.435
304.482  354.089  317.366  382.419
504.903  216.028  558.887  89.233
300.49  200.791  320.333  209.549
299.58  198.427  319.468  207.541
296.518  246.204  313.457  273.559
298.703  352.468  312.08  380.484
276.676  232.539  294.615  251.341
310.942  258.24  325.795  302.286
524.527  299.502  561.791  188.737
239.332  344.174  258.522  363.734
306.411  193.218  326.83  201.522
302.228  318.197  316.29  351.2
353.833  352.779  362.866  385.404
160.163  387.423  189.891  388.34
511.748  278.046  552.279  166.273
245.624  363.51  264.214  381.509
237.782  245.738  257.695  240.388
305.691  193.626  326.093  202.026
292.636  208.294  311.404  226.106
506.503  293.051  543.735  181.321
307.387  205.093  327.35  212.975
164.422  233.862  193.365  34.1373
321.911  384.137  332.813  404.118
196.959  433.558  224.083  424.184
300.722  337.28  314.506  364.226
494.296  240.203  542.06  117.13
281.693  352.864  296.812  378.968
388.401  280.823  401.624  320.1
239.377  335.136  258.191  355.983
261.309  193.812  280.528  192.411
371.341  375.786  377.815  401.43
306.999  215.017  326.752  220.845
528.782  312.922  563.414  202.768
392.781  353.664  400.183  380.949
376.451  373.788  383.019  400.411
267.134  280.242  283.587  311.742
493.107  238.131  539.951  119.738
292.663  314.51  307.356  344.566
429.598  352.635  435.533  375.375
366.548  362.557  374.525  391.69
330.883  311.846  342.458  354.996
417.856  348.252  424.442  377.353
316.653  358.698  328.266  385.48
349.099  171.137  375.024  162.661
311.236  199.064  331.316  207.812
363.623  337.234  373.132  372.879
160.034  224.573  187.641  24.4092
532.809  244.772  584.265  123.608
321.306  358.977  332.911  387.521
265.334  384.696  282.329  399.847
386.017  298.858  397.936  336.013
308.284  359.962  320.328  387.875
119.912  400.852  157.61  363.114
420.357  266.089  438.017  286.02
307.387  205.093  327.147  212.89
251.496  190.821  271.252  184.351
312.523  195.675  332.672  204.453
324.4  176.945  346.591  178.392
260.392  229.026  278.467  241.956
312.763  195.944  332.963  204.079
159.32  223.759  186.745  23.369
410.642  342.441  417.612  371.421
282.772  192.156  302.924  195.88
322.207  172.342  344.249  175.565
161.328  387.559  191.356  388.693
310.136  199.514  330.102  207.551
280.643  366.795  295.189  389.92
421.968  343.032  429.381  370.533
514.294  292.133  551.726  182.133
311.289  201.475  331.161  210.101
421.954  343.276  429.381  370.533
276.835  234.048  295.226  252.622
503.374  202.281  559.499  74.3254
411.395  304.564  421.7  340.5
302.859  313.92  316.478  347.8
536.403  318.151  570.214  208.188
306.85  206.131  326.503  213.476
265.192  384.716  282.329  399.847
212.688  432.658  238.272  416.886
323.894  321.849  335.765  358.363
270.515  225.822  288.341  241.629
490.626  201.846  545.535  75.0144
502.165  200.979  558.405  72.3575
241.099  316.61  259.215  340.553
249.686  434.356  269.894  424.823
515.345  292.613  552.918  181.405
248.306  197.61  267.941  194.458
252.362  214.143  270.801  218.861
311.067  197.718  330.988  206.365
489.715  200.038  544.681  74.0629
499.381  217.254  551.354  93.7535
301.349  197.734  320.912  205.864
266.622  210.109  284.959  218.854
160.163  387.423  189.478  388.338
504.021  213.012  559.137  85.1618
265.334  384.696  282.554  399.515
506.005  213.738  560.992  87.6345
498.812  218.193  550.546  94.4416
165.077  221.032  192.526  18.7394
497.148  232.88  546.681  111.276
292.67  315.669  307.038  345.572
260.904  164.973  281.203  155.561
411.513  305.113  421.7  340.5
343.825  277.288  355.282  334.212
312.207  195.483  332.181  204.147
510.26  222.372  562.856  98.1888
196.844  384.987  222.941  380.424
310.324  198.947  330.102  207.551
514.788  293.299  553.003  183.181
165.899  216.352  192.981  14.1484
306.948  185.285  326.859  195.196
398.802  351.566  406.639  377.416
118.713  264.896  149.453  72.7749
497.463  233.907  545.515  113.794
491.561  243.53  537.57  121.079
277.682  231.305  295.087  250.38
311.408  202.757  331.041  211.612
209.356  183.312  228.161  150.662
314.136  198.839  335.03  209.192
275.589  217.544  294.778  230.424
236.672  418.438  258.493  413.001
338.949  276.317  350.567  332.741
279.09  151.929  299.097  146.375
401.096  277.847  415.278  314.89
343.828  277.027  355.247  333.726
294.359  202.176  314.611  210.694
497.522  235.353  545.515  113.794
504.083  249.411  550.034  129.412
338.502  275.968  350.157  332.196
343.825  277.288  355.247  333.726
119.697  263.951  150.408  71.9232
310.136  199.514  329.818  207.882
307.799  325.229  320.575  358.08
420.621  334.982  427.728  364.719
340.164  364.076  349.242  391.177
338.853  276.122  350.421  332.702
253.35  205.312  272.971  208.084
366.38  133.846  397.17  110.987
374.061  352.819  381.321  383.389
508.799  216.641  562.538  90.0876
159.891  224.094  187.054  23.9718
411.513  305.113  421.516  340.747
439.831  280.646  457.321  293.878
494.2  224.898  545.063  102.613
500.111  217.371  552.106  92.8917
533.623  310.346  568.276  202.093
275.739  277.968  291.424  309.31
317.095  318.281  329.219  354.872
281.455  235.13  298.485  256.616
196.765  432.948  224.438  424.181
217.066  365.798  239.902  375.056
281.803  363.948  295.899  388.008
509.215  242.723  558.489  122.078
211.076  423.956  236.887  411.092
491.182  237.464  539.287  116.531
435.268  335.508  442.658  358.71
297.247  154.456  319.169  157.619
292.903  178.21  312.301  185.267
219.279  435.497  244.301  420.007
374.254  353.203  381.282  384.493
161.982  380.626  190.584  378.648
267.697  179.932  288.188  177.181
313.125  150.339  335.207  149.347
505.81  257.975  549.999  139.036
296.174  158.783  318.525  155.957
119.52  261.382  150.12  70.661
382.119  299.701  393.248  334.101
536.194  226.945  590.905  104.928
206.802  376.379  230.133  373.372
505.832  257.635  549.999  139.036
498.365  219.045  549.268  96.9259
350.898  326.705  362.262  363.997
521.549  287.299  561.81  177.281
306.963  158.364  328.394  155.97
307.601  329.663  321.764  361.958
186.936  424.708  214.312  414.096
522.387  294.201  559.463  184.845
311.766  201.717  331.041  211.612
363.996  256.054  378.077  297.513
504.152  249.732  549.778  129.691
306.733  193.054  326.207  201.387
283.13  198.246  301.935  202.205
514.682  286.17  553.162  173.823
167.359  216.138  194.123  14.016
510.52  243.864  557.502  126.521
375.663  130.246  408.634  98.4782
312.662  200.877  331.984  210.284
444.697  336.478  452.56  352.29
459.009  315.637  470.53  325.706
350.641  186.163  374.375  179.289
276.286  233.751  295.226  252.622
536.194  226.945  590.657  105.416
118.066  261.512  148.839  70.9412
281.594  362.8  295.342  388.1
271.229  274.822  286.924  304.691
265.626  384.443  283.268  400.081
161.982  380.626  190.31  379.306
276.746  168.398  296.14  162.405
431.145  352.87  436.684  371.921
507.176  257.138  552.296  145.652
351.733  175.965  378.312  168.199
156.938  232.639  186.354  34.1247
301.383  350.316  313.491  379.302
392.841  340.919  399.747  372.026
161.328  387.559  189.891  388.34
278.025  150.332  297.254  147.222
270.667  273.914  286.279  303.845
308.284  359.962  319.545  387.429
231.328  337.901  250.093  355.32
406.549  283.926  418.697  317.982
254.115  311.656  270.489  338.019
271.656  290.173  286.857  321.743
332.576  324.467  345.071  364.493
536.494  226.573  590.905  104.928
304.286  316.9  316.977  350.429
515.12  290.962  552.123  180.461
222.994  286.975  241.631  302.515
279.97  433.556  297.28  421.848
342.027  120.968  369.766  100.538
315.682  319.998  329.628  357.605
421.817  340.221  427.956  367.674
399.413  277.466  411.738  314.715
230.984  338.925  252.393  353.372
160.94  388.41  189.478  388.338
278.783  170.63  298.035  165.094
319.101  121.692  345.929  107.887
196.484  433.954  224.844  424.241
122.564  407.219  158.618  373.582
276.759  168.622  295.974  161.766
283.758  409.455  299.462  421.017
527.698  319.772  559.277  227.588
234.478  418.162  257.295  413.289
304.253  316.484  316.781  349.881
297.63  179.183  316.638  186.005
278.624  153.098  297.893  146.051
278.783  170.63  297.781  166.11
468.153  380.274  469.023  391.164
310.971  219.304  332.15  227.331
515.12  290.962  551.959  179.787
209.664  355.193  234.03  360.96
418.128  372.708  420.746  396.395
246.484  331.568  263.17  355.627
107.68  420.3  146.726  382.102
266.439  439.592  285.724  426.702
286.254  160.99  305.335  160.615
385.928  337.757  395.684  372.424
259.544  155.274  277.77  143.302
239.384  429.952  262.037  420.972
315.86  330.466  329.902  365.44
522.55  295.669  558.278  188.523
502.126  233.351  553.127  112.64
277.271  152.537  296.399  144.035
416.298  324.582  423.67  355.2
236.64  233.459  257.577  235.042
508.878  217.18  561.483  91.005
307.282  129.646  328.989  123.447
359.593  260.143  372.132  305.368
508.93  297.302  543.957  185.471
371.507  342.705  378.748  373.313
211.932  422.835  235.01  412.465
274.187  267.135  289.174  297.103
332.427  194.733  352.889  196.125
221.742  386.386  254.499  259.079
133.293  431.251  172.265  402.889
191.738  222.316  219.681  17.2363
527.782  285.893  565.835  177.294
198.111  404.1  222.615  390.702
190.58  351.781  214.716  331.919
194.668  305.781  219.993  297.502
323.065  175.139  343.564  177.464
150.434  224.277  179.714  26.1213
508.119  248.989  554.499  145.277
278.156  168.402  296.682  162.587
105.585  407.656  143.533  367.328
522.857  296.739  562.474  186.92
222.161  412.26  247.129  408.386
403.346  293.481  413.172  330.692
288.906  147.766  312.484  140.826
330.981  243.563  345.49  276.113
516.032  282.793  554.229  169.633
365.119  248.927  379.219  284.294
414.377  423.352  414.503  417.999
217.466  184.121  235.261  147.459
321.378  172.426  341.686  174.444
522.387  294.201  558.11  184.916
328.571  238.724  344.444  258.683
303.379  338.292  314.83  365.629
152.078  241.93  172.345  333.026
221.788  353.348  245.03  370.91
332.033  325.681  345.813  364.123
490.533  233.651  536.341  111.402
214.668  388.048  236.002  382.333
315.69  208.517  337.054  229.532
117.879  419.692  154.561  381.763
253.198  231.317  274.024  244.158
191.878  438.92  222.218  427.604
414.714  422.04  414.503  417.999
315.291  177.9  334.044  187.441
276.755  198.018  299.417  192.701
278.871  169.514  296.936  164.325
144.742  439.824  182.488  425.455
332.033  325.681  345.813  364.123
