101
1 1
577.025  291.994  369.779  266.857
455.623  291.686  263.678  267.692
562.886  258.517  371.044  235.838
445.552  289.687  250.696  269.012
396.421  286.122  212.541  264.063
513.322  236.965  335.682  215.21
404.041  287.009  220.548  263.61
386.735  287.942  202.841  265.125
577.853  246.98  382.644  222.945
577.853  246.98  383.341  224.884
573.653  236.292  405.171  205.934
423.484  292.707  235.857  267.738
423.484  292.707  235.857  267.738
423.484  292.707  235.561  269.019
423.484  292.707  236.292  269.121
417.276  260.701  239.526  238.501
562.268  218.542  383.567  195.518
567.956  251.261  377.845  226.998
423.484  292.707  235.857  267.738
423.484  292.707  235.857  267.738
423.484  292.707  235.561  269.019
423.484  292.707  236.292  269.121
431.618  247.234  259.543  224.12
494.554  258.678  310.708  235.068
450.586  260.651  270.946  236.757
563.552  259.318  371.044  235.838
443.786  268.64  263.574  242.548
484.392  271.797  296.384  248.233
484.392  271.797  298.28  247.834
550.495  240.444  366.838  215.734
396.555  277.915  213.404  254.18
397.616  284.977  212.541  264.063
417.305  259.206  240.793  236.169
464.979  292.61  275.875  269.433
543.973  232.156  361.898  208.852
568.646  251.401  377.845  226.998
478.783  252.31  299.542  228.569
478.783  252.31  298.418  228.724
564.207  256.325  370.986  234.5
498.969  285.912  308.014  261.187
475.229  217.456  313.776  191.932
526.575  231.495  347.489  208.526
526.575  231.495  348.004  209.384
543.056  215.817  369.099  192.477
600.477  250.871  406.815  227.181
600.477  250.871  406.815  227.181
449.937  277.692  263.882  254.102
561.234  257.812  370.986  234.5
510.143  268.11  322.058  244.668
592.588  237.11  405.631  213.678
592.588  237.11  405.223  213.574
424.013  291.568  235.857  267.738
424.013  291.568  235.857  267.738
424.013  291.568  235.561  269.019
424.013  291.568  236.292  269.121
424.013  291.568  235.857  267.738
424.013  291.568  235.857  267.738
424.013  291.568  235.561  269.019
424.013  291.568  236.292  269.121
381.658  268.275  209.72  247.393
583.901  254.094  390.636  231.752
578.652  250.799  389.422  226.371
476.695  250.692  294.326  228.386
600.477  250.871  406.815  227.181
600.477  250.871  406.815  227.181
535.573  242.288  352.67  218.974
516.132  249.278  333.236  226.108
567.84  321.007  351.087  296.244
561.308  240.131  376.319  217.213
561.308  240.131  376.341  216.16
561.308  240.131  376.341  216.16
451.143  269.953  261.981  246.329
530.097  259.074  343.012  234.842
402.464  287.011  221.474  262.924
572.731  248.98  382.644  222.945
572.731  248.98  383.341  224.884
439.971  258.488  262.739  236.056
571.401  348.523  346.122  323.587
463.465  255.085  286.059  231.012
565.023  232.758  376.889  208.837
436.146  286.679  248.977  265.489
436.146  286.679  248.814  265.671
458.665  278.351  276.702  255.016
585.947  263.369  388.658  236.349
480.976  272.098  294.092  248.702
448.452  293.153  263.739  266.605
451.258  281.42  276.702  255.016
482.907  275.548  296.384  248.233
482.907  275.548  298.28  247.834
478.621  250.499  299.542  228.569
478.621  250.499  298.418  228.724
535.809  241.122  353.265  217.503
501.312  289.536  308.014  261.187
508.343  240.031  331.822  216.729
533.453  228.162  355.121  206.192
442.96  289.44  251.698  263.137
564.705  262.044  370.819  236.867
575.633  252.85  389.422  226.371
566.532  231.313  297.234  247.278
453.273  299.043  263.165  269.107
443.121  297.495  251.888  274.148
