397
12.3701 38.6611 168.776
12.179 43.5871 168.752
24.8846 32.0037 168.605
8.39425 15.2482 167.74
27.8066 16.3036 167.364
-17.4831 31.6891 168.073
-11.7176 57.1346 169.529
7.69234 24.4547 167.882
-13.1918 -3.87878 168.949
6.67728 51.9852 169.579
-30.4973 49.2791 168.12
-6.67432 40.803 169.074
-41.3713 52.0357 167.908
-4.99068 50.5503 169.168
-34.2349 45.0163 168.281
-73.7353 1.71215 166.773
-48.703 -7.42392 169.123
-7.36301 31.0681 168.639
9.22161 31.8125 168.418
-41.3337 -16.4834 170.73
-24.7239 33.7525 168.042
-17.7887 43.8035 168.502
-56.5433 34.3241 166.679
6.85973 19.9997 168.104
27.4584 -5.70245 167.476
-9.10686 44.0643 168.754
27.825 51.9464 169.488
0.208715 42.4194 168.667
-58.5231 9.84719 166.567
-1.39581 19.9559 168.173
29.9789 20.6149 167.785
9.30263 17.5977 168.392
10.1029 39.926 168.626
14.7582 14.6315 167.855
-21.2482 28.4286 168.411
-3.35152 35.1209 168.39
-61.3467 37.8289 165.981
-3.92969 7.54722 168.732
-0.866346 -3.6443 168.579
-0.542951 -3.86247 169.257
-33.6548 44.7147 168.704
8.26706 21.4712 167.854
1.17786 20.2465 168.15
1.4371 20.4812 168.504
-2.67457 30.0404 168.813
-43.7505 29.1146 167.352
0.65264 40.8217 168.512
14.5043 26.229 168.273
4.80313 40.9921 171.073
6.08481 26.3545 168.126
-6.64482 40.7618 168.714
-55.2596 46.6719 166.037
-46.7982 42.4647 167.064
-57.6509 -17.6588 170.104
-15.2795 47.7629 168.671
13.5197 25.7628 168.002
-55.8457 -7.03052 169.02
-55.8406 -7.05079 169.064
-1.84102 41.6638 168.659
-24.573 5.26901 168.65
-71.2684 -6.99456 168.243
31.0577 -10.5625 167.23
-21.1603 42.3712 168.351
-56.2584 5.69091 167.513
-21.9295 24.1242 168.115
2.87002 40.7663 168.631
29.008 25.6184 167.223
-52.9398 37.6894 166.615
5.38666 26.2825 168.182
5.40597 57.2596 169.532
-25.4617 -5.70691 168.74
-24.3866 30.8646 168.081
-6.11769 43.4569 168.869
-5.78111 25.5963 167.565
-42.8727 38.2893 167.106
-44.0854 26.1181 167.197
12.7586 24.1739 168.389
12.7794 24.1224 168.446
-21.8931 24.245 168.102
-55.294 -16.3176 169.725
31.9077 -6.9576 167.234
0.357411 40.5619 168.477
6.9695 24.6595 168.754
-2.72989 7.60665 168.581
-56.65 10.7347 167.257
-20.0941 43.972 168.651
-42.6944 51.172 167.365
-20.8585 -9.60677 168.173
-72.6248 21.0425 165.828
-57.4703 -14.6223 169.493
-22.7841 -1.51473 168.836
23.1695 7.07775 167.143
32.6567 4.99207 167.409
-79.8917 -11.6067 168.234
-62.8542 5.10536 167.124
13.8344 33.4284 168.423
-21.8931 24.245 168.102
0.718761 60.2513 169.575
13.2278 -11.4257 168.868
29.4588 -14.7946 167.818
26.9291 43.6938 168.94
-42.8472 32.271 166.835
9.20806 -3.59813 168.096
-9.36211 12.048 168.414
21.1945 -4.40695 167.702
-39.8023 28.3549 167.759
-64.3563 14.2 166.61
-54.897 -10.8672 168.137
8.38385 53.9293 169.297
2.07986 -9.27654 168.512
-57.1928 15.2772 166.761
-12.1546 13.2126 168.826
29.9838 41.6052 168.634
-70.9088 36.6234 165.631
-68.062 31.6594 164.708
29.0357 -2.19156 167.522
23.4531 11.6753 168.11
2.41484 15.286 168.243
-49.2809 -14.6666 169.843
-53.2372 50.2753 166.52
-53.2296 50.2061 166.684
-26.4996 14.0039 168.637
31.8418 -5.97447 167.281
-11.439 38.1237 168.671
-1.40258 51.6922 169.024
-23.7534 27.2265 168.176
-25.6521 6.02998 169.691
31.0508 43.538 168.93
-70.3583 -23.4774 170.389
-41.5916 35.0083 167.371
-7.22798 -4.32971 169.017
-21.443 34.4156 167.838
-11.3134 22.1536 168.238
9.41014 59.252 169.615
9.96389 59.5904 170.492
-41.8592 35.1266 167.34
12.4144 61.8908 170.045
-54.0417 51.805 166.555
-0.15147 11.592 168.404
-61.618 8.35524 166.997
29.9148 20.4483 167.658
-54.9271 -1.95705 168.378
-9.77259 32.5363 168.643
-57.2541 -11.0787 169.204
-69.1104 34.2458 165.817
-45.988 17.8729 167.385
8.58295 -3.29354 168.32
-2.67457 30.0404 168.813
-32.1844 -10.9777 166.886
14.9957 35.7771 167.931
-13.3752 57.4545 169.066
-21.9332 24.1903 168.242
-2.11823 13.743 168.073
2.61691 4.93792 168.099
3.09004 33.4287 168.441
-58.4362 36.5612 166.265
30.069 12.6599 167.459
-34.9813 50.5538 168.139
16.3862 57.4211 170.349
-58.4904 36.5914 166.414
-36.3008 43.9434 167.568
-51.8292 -17.7922 175.35
-1.4462 22.4586 168.035
-49.5695 -9.37389 169.113
-16.152 52.4151 168.785
-55.6709 -3.50634 168.204
-14.2746 -0.159653 168.934
-5.53635 -8.22599 168.917
29.8888 11.7558 167.117
16.8919 37.959 168.265
-16.3017 13.1887 167.968
-16.1402 13.1005 168.381
-65.3885 26.5892 166.236
-9.26534 32.824 168.361
11.2481 14.1116 167.843
-60.4607 -16.7247 169.742
-1.54837 5.21546 168.696
-42.7401 51.0974 167.432
-64.9687 38.8099 165.501
-5.19543 62.4045 169.741
-38.2263 -1.74245 167.858
20.4277 33.5118 168.392
22.8244 43.8686 168.996
-21.8213 -9.70965 169.476
-42.834 -11.3229 169.32
-68.3099 -9.96732 168.614
-43.6423 28.8801 166.802
-38.508 32.1595 167.264
-12.7058 36.0158 168.373
-49.6583 -9.17784 169.491
32.4375 3.84172 167.228
10.3626 59.6542 169.948
-23.0963 57.5734 169.139
-62.5971 20.2401 166.318
-34.0142 46.8562 167.93
4.7311 -8.03273 168.547
-59.2914 3.98731 167.437
-5.7622 38.3514 168.545
-57.7641 34.174 167.073
-64.5881 48.1845 165.052
9.90904 23.4775 168.083
-18.3625 33.8181 168.266
-18.6256 36.4413 168.299
-42.4801 -0.65698 168.881
-6.774 2.16351 168.514
-60.5108 17.3036 167.835
-60.3564 -19.8752 170.064
34.6877 -3.67277 167.206
-58.6465 5.79001 167.799
0.190925 33.2927 168.351
-24.492 56.2311 168.785
32.4715 5.19139 166.457
32.9613 5.1036 167.133
-6.16793 26.9842 168.058
-64.9323 54.748 166.059
-50.7906 47.3427 166.385
-74.8428 57.1896 164.953
-4.60763 -2.02061 168.841
15.5964 56.7154 171.531
-10.8947 17.1277 168.378
1.93002 63.4543 169.841
1.52281 9.98793 168.313
-5.27722 17.5588 168.031
-56.1726 -5.64271 168.429
-64.3039 13.2524 165.994
-17.3738 34.4097 168.305
-38.7444 32.1675 166.435
-22.7841 -1.51473 168.836
13.2589 62.7989 171.275
-64.684 24.2348 166.123
-64.7122 54.553 165.498
-24.3337 -5.82274 169.247
-18.9331 -1.09916 168.906
13.8372 56.1901 170.141
-79.5938 3.88072 167.121
-48.9509 49.7102 166.853
-62.7459 38.9094 165.945
-40.7508 45.6521 167.425
-59.5852 17.0483 166.726
-41.3332 51.6883 167.503
-49.1986 46.6582 167.451
-16.4291 13.8721 167.707
6.17536 -9.43353 168.811
-53.2086 50.0922 166.32
-53.201 50.0235 166.486
-63.0071 47.4627 165.599
15.261 -4.67122 168.037
-54.4902 52.3487 166.44
22.0224 13.1134 167.452
-28.2111 -3.62942 169.235
-18.5195 38.4005 168.157
-4.44384 9.35551 167.932
-55.7511 -7.22807 168.552
-55.7461 -7.24835 168.596
-79.1628 3.97169 166.193
-79.1883 3.90751 166.116
-73.2027 36.0013 164.756
-27.8217 38.1925 166.589
-16.7704 46.3505 168.654
-49.2809 -14.6666 169.843
-52.4922 34.186 166.663
-53.1171 7.22864 167.71
30.7185 32.52 167.859
-29.1132 8.34139 168.365
-42.8202 11.1893 167.958
29.0357 -2.19156 167.522
-16.8944 8.40383 168.447
-70.8775 36.4329 165.458
14.3443 62.4184 171.758
14.6022 62.9818 170.323
-14.4104 -4.15333 169.058
-5.40242 51.1366 168.805
-14.4078 53.7317 168.866
-22.7958 3.51337 168.655
-58.1078 1.48863 167.694
-60.5975 17.2544 168.019
-9.96367 11.846 168.384
28.9996 27.0746 167.765
-55.8044 51.0191 166.185
-16.9178 -1.72559 168.893
0.691896 43.4048 169.523
-42.1539 11.2365 167.926
-63.8797 -2.41093 167.723
-10.1084 0.812885 168.734
34.7459 16.0841 167.223
-15.8349 41.4142 168.159
-17.6942 15.0934 168.341
27.2427 49.7677 169.368
8.45744 -2.55277 168.157
32.9613 5.1036 167.133
-36.0233 48.3165 168.666
-75.5785 -0.321297 165.709
-36.4253 33.4211 167.414
-76.279 43.1919 164.505
-76.2528 43.2523 164.702
-67.9097 51.6118 164.447
-4.72071 56.7022 168.98
-60.7847 -24.2605 171.448
-21.1458 5.44455 168.259
-21.1179 5.26505 168.442
21.5821 36.1484 168.541
-64.2473 51.6153 165.585
-49.2528 46.6078 167.554
-22.5588 -9.68823 169.523
4.09911 39.3605 168.66
-52.3222 53.4236 166.605
-70.9202 34.219 165.337
-14.4267 53.672 168.873
-56.1726 -5.64271 168.429
12.4679 -12.5708 168.161
-52.5096 45.9182 165.484
8.39702 -2.90165 167.297
-56.8689 53.3842 166.188
4.01101 1.43131 168.409
16.5997 -12.8769 168.123
-77.7861 38.9511 164.397
-41.9158 1.06646 167.953
-59.0924 7.91669 166.682
-27.0307 11.2515 168.411
-69.4107 -1.07377 167.772
-55.7724 1.2764 168.055
23.0587 43.8606 168.715
-16.0608 0.344042 168.998
-22.9179 2.82023 168.639
-6.78685 30.0489 168.434
-66.1337 54.3129 165.808
-12.9662 23.7483 168.556
-53.2557 37.5374 166.892
13.4006 47.0726 169.008
12.2991 -1.61369 168.22
3.78742 33.4232 168.627
3.65181 33.4119 168.38
23.6175 43.5254 168.835
9.64746 23.7513 168.277
2.90918 -1.54496 168.117
-39.8139 1.26912 168.317
-27.7856 1.82119 168.876
-22.9033 17.7458 168.382
-22.7665 17.8435 168.654
-5.49302 38.2145 168.632
21.7626 8.21635 167.583
-3.83944 -10.3814 168.853
-60.4652 54.8345 165.812
-52.1812 5.20817 168.062
-25.9686 12.4908 168.98
-23.1044 -4.07189 169.144
-22.1069 23.1838 168.429
-49.1684 4.50637 169.12
-14.714 33.9483 167.631
-48.0172 16.8615 166.877
-64.9455 -19.8817 170.165
-39.8918 1.22291 168.581
-50.1534 56.6677 167.212
-3.69728 33.3863 168.772
-9.24778 44.3836 168.64
-13.3379 19.8151 168.56
-45.3597 54.4117 167.626
-4.51924 -5.91384 168.909
9.77742 35.2059 168.441
-22.8963 3.33141 168.974
-17.5567 16.4371 175.469
16.8391 -7.36044 168.095
-60.5214 54.789 165.902
-17.7378 14.1944 168.342
-54.5029 -9.40895 169.121
-5.25345 -5.90724 169.023
-38.3142 27.8861 167.62
-63.3438 59.4844 165.532
15.4404 14.9915 167.882
-1.04182 -5.02399 168.782
-63.7662 -2.63905 167.25
-66.0911 58.0088 165.362
-17.8667 19.1022 168.124
-59.7324 4.75875 168.608
33.4522 30.6068 167.866
-54.9285 46.3762 166.292
-45.6947 36.3291 169.358
-51.4077 59.2516 166.373
0.383007 0.34913 168.77
-62.052 47.897 165.496
9.73525 58.6909 172.057
10.1336 58.7775 172.778
-12.2142 22.9948 168.226
-67.1732 57.0506 165.303
-61.6437 56.5992 165.485
-66.1844 57.976 165.524
-66.2054 57.9019 165.546
-40.135 -7.17605 168.8
-38.0701 46.2263 167.488
-65.7778 57.5434 165.328
-61.1273 3.18513 167.497
-14.7371 12.2332 168.566
-70.5275 -22.9237 170.257
-13.138 1.15468 168.916
13.2371 16.8086 167.203
13.5524 16.7964 167.714
14.6022 62.9818 170.323
