182
1 1
393.889  227.564  175.093  189.286
576.134  255.59  354.829  218.194
352.929  268.113  133.352  229.697
356.202  316.745  137.13  279.732
576.854  195.497  354.301  157.962
341.514  279.46  121.812  241.716
318.647  182.206  99.2713  142.652
517.574  215.659  296.61  178.104
335.416  350.382  116.403  313.741
340.343  202.876  134.458  166.531
351.457  261.074  131.331  223.142
366.29  342.433  147.444  305.689
554.055  186.077  332.68  148.074
554.055  186.077  334.222  148.05
612.554  209.621  388.807  172.103
328.816  226.15  104.795  185.991
607.295  299.603  382.167  262.187
320.185  202.116  100.055  161.512
315.802  278.972  96.018  241.199
481.44  283.298  262.139  246.176
389.224  326.396  169.875  288.885
335.647  279.826  113.276  241.949
322.46  175.686  104.071  135.615
382.257  254.158  162.596  216.147
341.089  281.59  122.149  244.59
341.089  281.59  121.352  243.935
314.785  225.895  95.2583  186.843
347.109  307.357  127.388  269.731
559.463  278.772  336.661  241.558
558.283  228.037  336.3  190.459
344.036  330.266  125.629  293.174
322.289  211.955  102.88  172.794
349.005  258.894  127.581  222.401
514.339  227.157  293.185  189.388
555.177  186.98  333.771  148.972
469.925  245.307  249.71  207.431
469.925  245.307  250.968  208.217
329.377  225.238  109.719  186.486
549.725  179.778  328.523  141.643
325.998  351.313  109.569  314.676
521.516  278.478  299.614  241.085
363.679  297.023  144.369  259.489
315.275  272.125  95.7484  234.165
651.621  277.804  424.378  240.875
529.356  224.682  307.813  187.191
329.649  196.781  110.58  157.231
352.993  330.099  131.823  292.837
318.376  337.015  99.5156  300.378
341.327  203.58  122.547  164.311
369.881  295.104  152.984  257.717
646.388  274.101  418.843  236.98
646.388  274.101  420.588  237.542
574.095  303.641  352.002  266.561
310.293  271.457  91.6499  233.574
605.162  316.669  380.145  279.732
369.226  233.489  149.974  194.476
369.445  233.078  149.974  194.476
390.107  249.911  170.68  211.912
388.672  300.975  168.889  263.715
323.085  199.452  104.179  159.997
306.506  315.916  87.241  279.298
521.688  172.522  302.877  133.571
501.173  199.551  280.936  161.019
452.905  322.708  233.029  284.709
650.222  238.41  424.109  201.44
308.506  260.028  88.7553  221.897
377.729  308.452  158.726  271.126
322.106  350.707  103.26  313.969
382.278  306.073  162.632  268.861
566.627  186.284  344.796  148.431
572.438  227.705  349.955  190.47
541.267  179.064  320.74  140.976
336.199  349.226  117.185  312.676
336.801  310.546  115.548  271.23
539.726  217.142  321.925  179.522
340.608  343.887  121.502  307
317.33  245.722  97.6665  207.272
528.985  189.14  308.32  150.886
502.884  228.547  282.292  191.155
572.9  158.917  352.338  120.66
328.054  212.686  108.601  173.495
487.479  207.108  267.168  168.667
456.73  207.785  237.043  169.375
656.965  291.358  428.009  253.997
656.965  291.358  428.711  254.236
341.58  361.765  122.652  325.015
388.369  332.55  168.991  296.005
632.702  242.213  407.394  204.521
366.638  271.462  147.178  235.163
522.455  293.573  300.321  256.275
522.455  293.573  300.708  257.488
333.55  264.213  110.203  226.444
382.264  238.996  162.625  200.563
328.535  351.368  110.385  315.276
548.883  265.528  326.451  228.052
335.183  338.025  115.904  300.869
326.896  214.841  107.619  175.526
365.843  272.26  146.154  234.369
547.842  255.293  325.299  217.841
596.87  218.596  373.705  181.285
574.783  302.642  352.002  266.561
446.815  283.888  225.732  246.682
381.86  311.17  161.999  273.902
521.578  213.07  302.001  175.973
317.703  252.095  97.981  214.253
322.278  201.937  102.998  162.404
638.019  272.395  411.593  235.333
313.653  228.032  93.9926  189.195
322.106  350.707  103.26  313.969
320.644  231.638  101.07  192.864
609.254  299.457  382.167  262.187
351.705  291.821  132.284  253.755
342.631  362.288  123.51  325.602
342.631  362.288  124.268  325.969
342.385  183.711  121.25  143.202
569.631  184.903  347.502  147.196
347.797  222.92  128.879  184.098
574.69  159.131  354.643  120.78
334.143  288.075  114.004  250.773
328.266  254.332  108.445  216.138
540.93  162.131  319.231  124.269
383.276  255.794  163.531  217.645
527.21  249.152  306.48  211.574
522.269  212.955  302.001  175.973
536.188  265.455  314.146  227.991
394.821  221.319  176.051  182.292
547.646  206.064  325.621  168.122
338.169  172.108  119.565  131.986
339.917  258.636  120.096  220.438
339.917  258.636  119.164  220.641
489.349  178.124  268.912  139.452
350.822  270.389  131.41  232.479
334.567  168.422  117.077  127.105
334.567  168.422  116.146  127.697
380.191  259.564  160.535  221.887
352.917  242.79  133.629  202.594
341.324  384.871  123.54  348.22
573.907  159.199  353.277  120.99
388.652  252.043  168.854  213.81
544.345  170.798  324.618  132.472
327.613  222.607  108.375  183.555
333.962  199.137  115.162  159.581
374.129  256.595  154.815  217.736
314.144  349.778  95.2892  312.884
592.412  175.363  369.831  137.751
601.536  261.483  374.704  225.339
332.403  187.276  109.756  148.208
355.141  282.806  135.337  246.614
542.103  217.435  317.523  181.157
390.789  254.42  170.788  216.584
520.465  213.586  299.661  175.988
565.092  230.144  342.435  192.913
573.907  159.199  353.277  120.99
340.375  279.042  120.476  241.192
553.83  261.239  331.424  223.964
533.684  292.154  311.748  255.125
518.021  147.646  300.157  108.586
333.369  346.886  110.995  309.381
344.117  274.777  120.532  237.437
363.422  282.198  144.44  243.773
363.422  282.198  143.652  244.409
597.461  225.416  372.819  188.399
362.78  346.299  143.624  309.396
627.69  235.01  402.716  198.108
599.148  195.876  377.065  160.265
342.478  343.58  121.502  307
528.101  217.642  305.747  179.785
361.672  303.93  142.112  266.491
611.809  227.462  381.907  191.667
536.65  277.415  314.404  240.183
345.924  358.848  126.834  322.432
472.136  205.666  249.656  167.112
337.041  387.232  119.424  350.774
337.041  387.232  120.999  351.184
520.815  263.812  298.457  226.537
388.361  241.735  168.566  203.619
615.731  233.2  391.876  197.312
534.039  155.747  316.518  117.806
534.039  155.747  318.156  116.888
582.949  225.182  359.374  187.788
364.604  349.576  143.277  306.95
336.199  349.226  117.185  312.676
