1 800 600 1
110  64  
1
1
110
104.821  281.725  2.03532  -3.12998  45  2  0  150  71  1  0  127  20  0  0  11  0  0  0  0  64  2  0  150  150  0  0  138  119  0  0  15  1  0  0  0  40  148  0  2  150  87  0  5  145  7  0  1  2  0  0  0  10  150  1  0  100  150  0  0  41  16  0  0  1  0  0  0
221.887  281.575  2.03357  -1.5268  1  4  5  88  17  1  1  74  6  6  42  9  0  79  127  12  23  5  18  140  140  5  1  140  69  3  32  25  0  22  130  88  53  140  2  37  140  140  0  14  76  23  34  2  0  79  140  19  14  140  0  0  31  90  0  0  9  13  3  0  0  50  33  0
633.299  281.577  2.00469  -1.3755  5  16  67  80  73  58  22  40  24  121  24  6  10  121  53  3  23  56  121  15  121  40  20  14  59  49  40  67  19  51  121  82  16  40  105  98  121  21  35  103  21  4  68  121  4  4  45  111  2  109  12  25  5  121  12  17  1  113  14  16  0  84  4  2
633.299  281.577  2.00469  2.97085  8  3  111  45  77  20  46  46  96  27  22  117  34  13  63  117  12  4  116  47  97  112  28  24  21  117  80  72  69  39  27  64  32  2  53  27  117  47  5  34  31  105  91  25  32  43  117  18  31  4  16  13  117  35  2  65  28  25  114  101  14  0  85  53
198.071  283.851  2.02497  -1.62103  7  0  2  128  25  0  0  85  8  0  6  8  0  1  139  8  45  15  8  151  151  10  0  151  78  0  4  17  0  25  125  1  65  151  0  26  151  151  0  9  77  12  0  2  0  8  50  10  10  147  0  1  26  81  0  1  8  7  10  2  0  0  95  55
446.283  284.882  2.13246  -2.18318  27  10  11  0  134  76  0  0  90  134  1  0  44  50  23  28  48  18  5  0  134  63  0  4  76  69  58  40  2  5  134  114  43  14  1  1  134  5  6  57  44  1  134  134  0  0  134  96  13  2  8  6  133  0  8  60  19  0  106  83  0  0  51  24
476.031  284.808  2.05614  1.16323  5  10  6  0  130  3  2  7  161  66  4  4  75  126  2  0  3  13  19  3  155  12  7  4  169  61  0  3  73  91  19  8  13  1  23  13  136  7  1  6  169  12  2  23  66  15  111  22  16  8  32  2  80  3  0  6  169  0  1  58  75  9  83  28
630.233  288.033  2.05869  1.39336  13  101  13  4  17  66  41  31  43  30  8  85  43  11  5  94  26  71  53  26  39  45  121  60  121  118  41  25  40  121  37  20  22  9  48  121  61  37  100  63  121  56  18  59  26  57  90  112  27  86  3  17  29  121  4  4  49  121  9  42  2  100  53  47
150.292  298.492  2.05989  0.478818  46  78  11  88  58  16  6  130  64  0  0  62  5  0  0  2  1  3  33  130  97  9  10  130  130  11  0  91  35  0  0  7  20  41  35  11  130  130  1  7  130  89  3  41  45  1  0  33  70  92  13  15  75  86  30  94  35  15  39  130  106  3  1  95
150.292  298.492  2.05989  0.894771  110  25  11  49  33  0  9  129  32  0  0  48  2  0  0  2  19  10  94  129  84  1  36  129  129  4  0  129  30  0  0  23  2  14  61  70  129  48  8  22  129  58  19  45  40  1  27  129  15  46  57  3  129  73  10  7  67  24  97  95  55  17  52  102
192.41  299.552  2.05614  -2.98168  50  4  11  113  10  10  20  131  57  28  12  131  131  10  0  40  24  30  75  14  115  130  1  19  88  131  0  4  106  81  0  1  37  38  131  3  131  34  4  32  91  66  0  8  9  21  0  0  9  52  131  1  131  38  14  24  115  4  0  13  2  0  0  0
192.41  299.552  2.05614  -1.8965  5  0  118  86  127  4  12  118  88  3  0  20  1  0  0  0  22  2  127  47  127  31  9  16  121  12  0  23  4  0  0  11  22  10  63  49  127  8  1  116  76  0  0  127  55  0  0  127  1  127  11  3  11  127  19  28  27  105  11  79  124  39  0  49
505.759  299.738  2.10752  -2.15501  13  6  5  0  136  38  0  0  106  97  2  1  22  41  28  28  26  7  3  0  136  31  0  3  126  31  52  53  0  2  129  126  27  8  2  1  136  3  3  40  69  0  132  136  0  0  127  121  11  1  8  5  136  0  7  42  25  0  122  80  0  0  62  37
571.747  300.986  2.10034  -2.18524  14  0  10  14  164  0  3  32  115  0  84  105  47  0  56  117  23  0  18  11  164  8  5  6  112  2  128  19  27  0  79  27  33  1  17  2  164  11  8  0  92  2  136  9  27  0  90  6  32  2  6  3  164  11  9  0  59  1  117  6  24  0  71  6
287.485  303.913  2.05471  1.63539  4  0  18  75  7  0  13  113  31  0  6  94  11  0  25  33  18  1  110  133  53  1  37  133  133  2  8  97  46  3  96  11  14  105  133  25  80  133  20  35  133  85  1  7  43  31  70  0  4  133  37  0  21  133  3  0  59  95  0  0  9  16  8  0
611.209  304.187  2.07948  -0.432392  0  2  0  4  59  5  0  4  144  17  4  2  56  4  136  17  0  12  3  20  92  20  0  21  144  7  9  38  44  0  144  81  6  144  6  2  55  144  2  6  144  39  18  79  15  7  124  127  0  90  63  2  2  35  43  37  18  10  36  81  69  123  29  34
179.563  307.187  2.01924  -3.08327  1  0  6  128  25  0  1  108  14  0  0  11  0  0  0  0  23  13  18  157  157  11  1  157  124  1  0  24  1  0  0  1  67  157  1  33  157  157  0  14  125  24  0  2  1  0  0  1  96  141  0  3  37  111  0  0  13  11  0  0  0  0  0  0
104.747  308.329  2.03525  -3.08622  7  0  1  149  79  0  0  149  32  0  0  14  0  0  0  0  37  1  1  149  149  1  0  115  138  0  0  13  1  0  0  1  55  128  0  2  149  115  0  3  142  13  0  1  1  0  0  0  47  149  0  1  84  148  0  0  29  15  0  0  0  0  0  0
213.052  312.818  2.10108  -2.31425  0  0  81  85  4  11  51  125  12  35  5  125  11  11  13  125  11  3  125  54  115  95  16  20  38  125  16  5  0  125  55  10  19  31  125  4  125  21  9  48  92  48  4  37  2  82  34  2  1  67  124  0  69  36  50  49  119  1  1  117  33  2  1  40
622.373  316.402  2.04782  -0.0519432  50  29  6  17  20  5  64  55  108  121  30  10  38  117  54  10  3  21  40  21  63  13  48  28  124  54  12  27  30  41  124  57  0  124  57  0  49  108  81  5  124  25  22  88  24  25  123  83  3  91  34  20  5  103  124  8  63  100  37  53  15  78  34  60
591.049  317.103  2.05924  1.12952  0  1  7  1  86  5  7  1  165  54  0  0  98  73  4  5  0  5  6  2  132  8  8  1  165  40  2  4  65  27  73  54  3  7  1  0  110  15  3  2  165  3  12  63  35  0  165  120  8  4  0  0  43  6  2  8  165  0  13  74  18  0  140  74
401.275  283.992  2.70915  -1.52652  10  78  0  3  42  108  0  2  136  98  0  0  77  29  54  4  8  68  1  101  72  71  0  114  136  51  2  41  38  10  102  52  10  1  0  68  136  12  0  53  136  28  15  14  24  2  136  41  18  2  0  0  136  24  0  0  136  31  34  3  6  1  136  28
637.096  285.911  2.52008  0.273008  89  67  35  13  8  62  112  1  115  6  10  1  55  0  106  1  95  9  18  92  8  36  115  78  115  10  34  5  69  1  115  2  31  81  31  75  39  115  58  67  115  21  38  3  66  0  115  3  51  74  55  26  39  86  96  45  101  36  62  2  45  1  110  1
603.075  287.261  2.60989  -0.365653  2  59  13  2  3  79  14  3  5  105  22  7  0  77  63  7  0  44  23  103  15  48  21  145  145  85  12  66  22  119  142  0  0  1  19  118  57  3  11  94  145  25  12  23  56  33  145  2  0  1  1  7  56  2  0  11  145  3  12  20  46  6  145  30
220.588  288.042  2.73581  -3.01091  0  9  130  0  95  16  139  11  139  1  4  29  13  26  115  1  0  14  113  0  63  72  139  7  139  28  9  33  40  21  67  3  0  13  40  0  16  139  126  1  139  139  7  6  28  12  9  12  0  1  9  2  3  19  47  70  30  16  22  104  15  0  32  111
197.14  290.299  2.7274  -2.98303  4  60  132  0  92  58  111  12  132  132  0  10  64  82  0  0  19  38  132  3  111  99  132  11  132  36  2  30  26  7  0  2  40  24  49  3  30  132  105  0  132  125  2  2  16  3  0  4  14  5  6  37  8  25  5  29  5  14  23  63  7  0  9  115
627.666  294.26  2.41859  1.48991  12  74  33  21  41  46  15  65  47  57  6  89  28  35  8  58  13  30  117  54  117  66  38  28  52  117  58  52  71  59  33  61  26  70  46  55  117  109  11  38  30  98  98  101  82  59  41  81  60  117  0  6  35  117  7  30  3  117  60  55  4  65  67  35
283.941  295.79  2.71821  -2.88455  1  30  81  65  48  14  35  145  105  0  0  96  7  1  6  4  0  37  145  18  101  51  145  98  145  20  1  73  35  1  1  6  0  62  124  0  51  145  127  1  145  145  1  4  24  5  0  1  0  12  9  0  5  70  12  0  16  34  0  4  1  0  1  3
635.148  295.821  2.34587  3.04403  107  34  3  1  50  13  64  32  87  16  41  107  24  10  97  107  107  39  33  11  60  7  107  63  107  66  72  27  69  86  84  14  57  20  93  29  77  9  97  55  107  26  26  107  65  31  67  94  13  4  107  35  54  42  40  26  19  96  38  79  71  21  15  60
464.219  298.612  2.67122  0.492703  5  10  64  5  100  51  0  0  133  122  7  7  21  52  32  60  17  2  44  20  133  56  0  8  133  44  65  37  1  6  133  115  24  0  5  18  133  4  0  78  133  11  46  79  3  69  133  7  12  3  0  1  69  0  0  42  133  2  2  121  51  50  62  27
553.235  299.033  2.62878  1.07704  10  3  15  5  126  15  1  1  52  24  6  0  16  18  103  0  18  0  2  19  147  34  1  14  85  147  12  1  15  92  147  0  16  1  4  6  147  9  0  18  147  87  9  4  9  71  147  2  15  3  3  1  147  17  0  1  147  21  17  24  3  3  147  39
292.93  301.013  2.50911  0.0403884  3  0  60  127  67  0  6  137  41  0  0  29  2  1  0  0  12  8  137  90  137  16  21  125  137  7  0  28  10  1  0  0  8  137  137  0  137  137  20  7  137  24  0  9  13  4  0  0  0  79  49  30  30  129  10  66  68  30  0  19  8  3  0  0
624.497  301.42  2.81405  -2.88429  104  25  29  25  27  44  114  32  51  28  34  17  5  7  59  46  69  10  51  77  61  41  114  99  114  79  46  10  6  101  114  4  65  9  68  35  76  103  72  55  114  42  37  64  48  86  114  22  37  2  78  21  40  38  38  114  80  25  22  93  77  10  27  80
110.369  304.629  2.71965  -2.07779  2  0  11  28  12  0  3  67  6  0  0  14  0  0  0  0  1  0  132  132  98  0  39  132  132  0  0  109  11  0  0  6  0  4  132  101  132  28  26  56  132  35  5  32  19  1  35  88  11  36  62  23  132  60  10  1  132  29  56  64  3  0  111  132
185.563  306.008  2.70698  -1.96785  0  0  3  2  2  0  8  40  7  0  0  28  1  0  0  1  0  0  53  22  28  0  129  129  129  3  5  129  24  0  0  6  0  0  118  129  88  8  129  111  129  29  3  52  41  2  0  25  6  66  45  129  48  85  47  56  126  32  4  129  86  5  0  129
539.893  307.707  2.72491  1.06847  22  1  2  4  152  12  0  12  113  76  24  2  2  41  152  1  32  5  2  1  152  25  0  3  143  20  47  42  1  3  152  40  36  12  1  0  152  6  1  42  79  0  69  130  0  0  152  59  15  5  3  1  129  0  1  41  40  0  31  67  2  0  101  16
147.841  311.121  2.64861  -1.32368  41  16  116  23  70  24  118  6  69  45  85  10  21  15  50  32  118  9  71  69  71  42  118  11  118  57  76  12  26  116  110  0  118  75  20  34  57  118  99  5  118  118  18  1  16  118  34  0  32  107  4  0  16  68  2  0  10  40  0  0  1  11  0  0
608.786  311.352  2.55369  1.10647  6  36  21  123  6  49  89  110  49  30  66  50  63  17  10  123  7  0  7  123  101  1  10  123  51  53  42  12  90  123  5  11  3  1  13  1  123  10  5  4  123  108  1  0  123  123  9  7  2  1  6  1  123  18  2  0  123  80  4  4  34  27  65  61
628.035  310.737  2.6082  0.289138  18  31  116  29  62  24  51  103  55  39  67  19  53  3  76  0  32  6  117  63  118  99  60  29  75  118  100  13  38  12  102  4  25  14  54  26  118  28  23  60  80  39  118  53  12  11  99  17  1  118  26  1  75  115  37  38  61  54  49  98  19  64  33  12
193.67  313.39  2.6514  1.73426  0  3  50  124  20  19  108  124  124  99  30  14  88  35  7  0  7  68  49  102  124  64  20  38  124  111  0  2  19  16  9  0  7  124  124  0  124  49  66  17  124  7  0  16  4  1  5  0  0  55  80  0  72  124  45  1  93  38  0  1  3  0  0  0
633.421  315.266  2.20138  -2.93167  32  0  10  99  40  30  19  78  29  102  65  57  47  19  40  98  115  11  3  14  116  34  13  17  116  86  116  14  9  43  116  16  116  9  6  0  112  15  37  33  116  19  102  116  22  17  116  63  116  5  11  0  39  2  75  29  42  29  61  87  50  36  61  34
555.652  316.403  2.65171  -2.13611  13  1  7  7  85  16  1  2  155  87  0  0  50  93  54  2  19  6  7  0  155  13  0  1  155  50  3  10  33  24  138  33  24  12  5  0  154  11  0  7  155  1  6  99  17  1  122  122  13  6  4  1  75  1  3  14  155  0  14  64  11  0  42  91
429.491  318.958  2.81236  0.102822  11  2  2  6  38  45  22  4  29  73  34  9  33  17  1  2  41  4  3  9  154  115  17  3  40  154  154  0  13  9  23  5  40  4  1  7  154  15  13  41  110  64  154  11  3  12  80  3  13  21  1  2  154  4  1  29  148  36  154  16  1  29  102  0
147.679  279.353  2.97324  -1.35262  34  23  43  16  126  25  39  15  126  11  6  32  5  43  44  59  126  23  22  17  115  54  116  9  126  15  28  36  11  52  126  66  126  126  16  0  69  126  76  0  126  126  11  1  15  109  50  0  31  106  2  0  12  74  4  0  13  43  0  0  1  9  0  1
624.895  287.115  3.35937  2.72089  41  31  44  41  84  23  39  46  49  64  70  60  30  64  64  21  37  30  63  55  86  53  40  98  126  48  33  66  55  40  126  7  124  35  20  28  50  56  126  59  126  10  29  50  48  16  126  36  62  64  54  31  18  5  87  91  115  1  5  96  28  12  35  83
429.611  290.056  2.87817  -1.35898  11  0  0  0  132  1  0  1  148  4  16  1  18  0  148  5  7  7  1  1  148  4  0  8  148  1  20  14  21  0  148  12  11  6  8  12  148  19  0  9  148  22  20  5  19  15  148  2  5  15  8  3  101  6  1  29  148  6  10  77  19  14  148  29
477.305  303.794  2.86546  -1.90081  42  88  12  55  6  127  26  39  4  127  56  5  0  81  88  0  52  0  6  127  71  5  5  127  116  35  36  57  7  64  127  0  56  11  11  20  111  64  10  29  127  45  17  18  14  18  127  11  101  19  0  4  106  99  2  0  57  34  44  42  1  0  124  55
103.177  283.29  4.00363  3.13114  61  142  6  34  142  142  0  25  63  16  0  2  1  0  0  0  80  38  11  142  142  29  0  142  81  2  0  19  0  0  0  0  30  142  18  26  142  142  0  28  104  18  0  3  0  0  0  0  66  67  16  95  80  64  1  94  32  6  0  10  0  0  0  0
148.567  297.756  4.08573  0.168613  18  9  15  133  69  25  12  133  133  10  0  54  14  1  1  1  34  66  31  43  104  34  17  133  133  17  0  91  40  0  0  5  14  41  76  78  90  100  26  45  133  52  0  50  62  1  2  7  38  133  4  23  38  133  10  34  133  46  4  57  76  0  0  11
190.724  298.237  3.98786  -2.53492  13  6  19  127  49  1  24  127  53  1  0  33  0  15  31  0  27  56  58  127  127  47  19  111  127  23  0  13  1  2  3  0  34  127  123  12  127  107  40  39  127  12  2  30  3  0  4  27  98  45  28  42  51  127  29  13  41  22  63  80  33  0  35  127
503.929  300.855  4.19213  -2.00458  33  2  26  1  129  52  0  8  129  89  16  22  21  9  129  38  47  12  38  0  129  47  9  21  62  36  129  129  6  0  125  109  28  23  53  2  129  2  30  100  27  0  129  129  46  0  39  62  3  33  95  3  55  1  24  37  15  11  110  24  53  3  16  18
503.929  300.855  4.19213  1.87542  28  25  17  47  22  83  20  10  16  33  23  45  30  1  3  63  84  32  7  44  142  120  28  22  22  142  142  1  12  29  48  19  52  80  12  12  142  47  12  10  67  61  142  14  1  65  119  4  62  13  2  39  142  23  7  44  50  47  142  17  23  107  53  5
545.302  299.378  4.08919  1.11887  5  27  88  30  68  6  31  9  114  42  10  1  4  43  100  0  21  0  98  26  123  2  32  17  147  80  16  5  17  88  147  1  40  4  78  14  131  8  38  3  147  11  23  47  21  9  147  53  56  21  34  6  58  18  29  6  147  0  10  87  7  0  123  54
609.096  305.185  4.04705  -0.425086  0  8  13  108  16  7  15  121  131  40  20  35  21  60  113  1  0  33  8  42  53  30  3  33  131  13  27  31  28  28  131  28  24  131  21  6  21  131  59  0  104  55  26  52  36  54  34  46  108  53  10  115  27  124  118  39  57  88  80  9  42  53  43  23
213.559  309.412  4.12429  -2.88764  6  53  38  16  11  42  41  114  48  35  1  114  18  16  1  62  0  1  114  28  62  60  109  75  55  93  60  104  51  17  15  114  1  14  114  1  114  29  104  20  74  88  114  12  109  64  60  8  1  19  84  0  88  58  99  13  104  38  40  13  41  83  36  2
213.559  309.412  4.12429  -0.407761  1  2  57  114  114  9  42  77  71  6  56  47  52  10  32  72  8  88  109  37  114  34  33  31  65  10  114  73  114  38  38  23  4  58  114  8  71  65  93  72  86  72  61  89  114  64  4  1  41  16  25  83  16  114  49  27  61  114  2  7  28  24  2  0
594.85  314.732  4.08776  1.22768  4  4  48  101  35  1  16  131  131  59  7  25  76  92  35  18  2  22  116  2  92  5  17  5  131  46  13  20  44  21  131  109  6  24  129  0  69  11  33  5  131  1  40  105  11  0  131  120  13  44  89  0  11  21  55  5  75  0  19  57  8  10  93  21
594.341  315.039  4.06667  1.21532  3  3  38  114  39  2  17  127  114  66  7  22  66  89  34  18  0  17  102  3  119  6  9  7  127  58  16  20  32  22  127  107  3  22  124  0  102  8  18  8  127  3  57  110  5  0  127  120  6  37  95  0  22  12  33  8  76  0  31  64  3  9  93  20
621.019  318.303  3.97938  2.05301  25  98  0  4  62  111  4  3  97  20  18  35  8  15  87  24  57  23  12  36  54  48  41  121  121  33  38  61  38  54  121  14  46  72  37  23  24  48  64  85  121  13  9  46  80  37  121  10  40  36  81  58  12  6  96  93  121  0  1  116  89  11  90  89
358.821  279.769  5.40812  -2.63399  94  0  0  44  126  0  0  79  98  0  0  46  33  0  0  16  105  3  1  36  126  10  0  64  126  9  0  51  65  2  0  14  90  126  4  7  126  123  1  37  126  41  1  96  58  2  0  62  20  73  26  94  34  22  15  126  68  1  2  126  101  0  0  71
115.012  282.118  5.20349  -1.85892  27  0  11  104  17  0  2  51  7  0  0  30  1  0  0  3  123  3  61  123  87  0  77  123  123  2  13  123  24  0  22  101  78  15  49  48  100  34  91  93  123  45  41  62  49  21  73  100  18  96  47  11  101  94  12  5  100  68  55  37  41  53  39  51
115.012  282.118  5.20349  2.43533  0  22  117  47  34  34  48  31  54  108  31  36  117  76  6  47  32  83  100  36  49  117  117  33  117  117  15  41  83  117  2  0  59  28  54  76  93  117  59  27  117  117  11  2  32  14  0  0  38  71  60  10  117  67  4  18  25  22  0  0  1  1  0  0
381.952  283.087  5.40874  -1.53905  0  0  2  123  16  0  0  123  107  0  15  112  11  0  83  92  1  0  1  123  52  1  0  123  123  1  38  73  12  0  123  87  3  45  0  37  96  62  0  34  123  43  65  21  4  22  123  37  4  13  0  51  123  19  0  35  115  12  91  35  0  1  97  59
531.454  282.522  4.96444  0.713483  71  1  11  22  74  3  10  106  57  31  75  80  26  23  74  20  41  2  34  28  128  0  25  54  71  1  90  71  128  55  29  24  27  27  82  8  128  45  38  13  69  23  90  21  128  99  10  10  43  128  35  0  73  128  85  3  65  34  98  6  128  16  13  54
442.573  283.471  5.2547  1.72207  10  14  31  62  57  46  25  39  73  23  20  155  3  12  35  155  34  8  36  26  155  89  32  17  22  103  155  32  11  6  30  46  38  2  28  36  155  19  44  12  43  16  155  14  26  4  52  15  53  9  4  6  155  27  46  1  23  7  155  9  2  16  38  6
549.275  284.467  5.16455  -1.80124  29  104  123  1  42  19  81  27  32  50  78  9  47  27  19  3  96  61  123  41  53  40  123  8  108  66  40  6  30  109  31  0  89  4  110  122  31  27  123  15  123  33  11  82  14  69  16  121  86  2  19  37  9  23  123  6  15  4  27  55  2  0  2  76
506.727  285.351  5.15099  1.91125  13  6  26  77  27  37  28  56  37  70  14  48  22  17  15  84  8  29  45  31  106  54  14  63  139  139  40  16  14  138  139  9  21  29  17  24  98  78  6  28  139  52  31  12  37  67  139  3  9  65  26  5  61  57  20  34  139  11  12  103  49  65  84  64
157.588  289.484  5.14006  -0.0625697  54  48  26  101  98  87  51  60  105  28  15  5  0  45  132  0  53  20  11  132  132  16  1  111  132  8  4  10  0  56  55  2  34  43  50  41  132  55  2  40  132  10  5  5  0  1  71  50  28  116  15  20  132  48  2  11  90  7  14  1  0  44  116  28
407.447  289.524  5.18658  -1.45279  2  21  5  62  41  37  1  62  142  35  16  27  30  17  142  24  5  47  4  53  77  46  1  69  142  30  41  35  17  6  142  69  2  11  4  48  127  6  1  35  142  15  82  17  7  0  142  36  1  41  27  6  124  12  7  1  142  12  94  10  5  5  142  16
222.742  292.675  4.83127  -2.87708  4  3  104  7  58  33  114  24  55  95  78  36  92  42  27  62  13  15  93  2  90  62  114  11  114  79  75  14  98  114  47  1  25  9  27  5  24  107  114  12  80  58  24  88  11  39  30  114  28  0  7  6  1  16  114  31  0  13  91  114  0  0  34  114
222.742  292.675  4.83127  -0.240619  5  123  29  22  3  123  50  6  92  123  16  4  79  20  7  2  89  4  42  118  55  25  94  98  123  43  21  74  31  10  20  4  123  18  40  54  103  8  123  76  123  33  21  20  27  3  32  5  34  73  76  34  102  80  38  57  123  54  5  1  8  2  32  5
199.147  294.136  4.76376  -2.53335  19  20  17  121  31  7  26  121  121  7  4  83  20  6  8  3  78  85  43  37  78  121  81  42  121  34  3  21  28  1  1  16  104  52  59  43  95  119  44  28  88  89  32  41  24  1  47  121  24  94  55  4  60  32  36  62  1  5  86  121  12  0  69  110
427.457  293.734  5.1943  -1.35963  4  22  8  57  79  13  3  73  150  4  60  34  7  0  150  33  3  27  6  27  135  6  2  14  150  2  93  10  10  2  150  15  2  58  44  16  119  11  22  8  150  8  86  34  14  20  150  9  3  12  17  24  41  58  7  8  119  32  25  99  11  15  96  52
449.235  295.107  5.09025  -1.79693  0  34  28  40  15  20  36  9  131  67  2  1  90  33  96  46  1  31  8  28  62  35  18  7  131  59  31  30  30  11  131  75  18  131  12  10  27  131  69  4  131  29  55  101  15  6  130  57  70  41  2  94  57  95  124  23  21  37  131  17  30  32  26  10
476.615  293.856  5.23231  1.10024  10  27  60  3  84  47  13  0  98  121  18  4  20  48  121  12  27  9  63  30  121  49  18  4  91  64  100  56  2  7  121  56  49  54  36  6  121  15  28  57  81  46  102  87  2  76  121  19  53  63  91  18  38  8  82  67  58  4  3  121  11  13  60  112
601.665  294.424  5.11694  -0.491611  1  122  7  7  2  123  10  2  52  82  20  17  25  17  84  56  0  39  18  123  15  37  19  123  103  82  43  40  26  98  111  3  7  99  14  64  53  97  15  64  123  29  37  39  20  32  115  20  93  123  9  48  26  123  89  11  69  79  35  25  11  42  36  17
286.363  299.637  5.00511  -3.06316  3  6  77  3  60  72  124  22  124  33  28  16  35  5  124  1  7  3  73  8  52  41  124  94  124  20  30  77  39  6  124  4  9  9  43  3  33  124  124  11  124  102  24  11  30  7  124  1  9  1  11  6  8  21  68  94  63  13  17  98  18  5  124  4
211.49  304.569  4.76288  -0.341882  0  2  41  56  46  16  37  103  29  48  42  44  34  69  19  26  3  30  112  107  112  13  42  75  84  4  112  81  112  16  19  42  3  99  112  8  103  57  83  56  98  43  77  79  112  50  6  2  30  17  37  101  17  112  68  33  85  112  4  12  44  29  6  1
157.004  305.374  5.18658  0.0613064  34  12  4  132  132  7  1  93  88  3  3  10  0  36  33  6  30  41  54  43  132  40  3  56  132  5  6  11  0  5  106  48  37  132  17  24  132  65  5  26  132  4  7  9  1  62  98  10  7  66  57  119  132  39  18  81  132  12  3  8  1  8  41  49
114.868  308.257  5.1558  -2.32807  120  18  13  101  79  4  1  42  7  0  0  17  0  0  0  1  120  59  30  42  83  8  73  120  120  2  1  113  10  0  0  12  55  19  87  84  116  40  76  93  120  18  19  120  86  1  2  120  2  46  91  15  45  29  30  42  63  53  36  94  120  41  5  53
114.868  308.257  5.1558  1.93084  17  16  47  66  83  13  14  67  102  81  82  24  41  59  70  17  95  45  50  16  98  125  100  22  125  83  39  36  44  125  95  1  125  125  57  2  94  125  49  0  115  125  8  0  17  48  6  0  22  91  7  0  16  32  0  0  3  13  0  0  0  1  0  0
189.48  307.543  4.87172  -2.53315  110  125  0  3  103  58  1  15  9  8  12  15  0  49  78  1  42  49  13  125  33  9  29  125  114  4  5  120  16  17  30  4  56  83  47  86  94  97  68  114  125  25  2  33  25  3  2  6  96  44  44  36  69  125  56  17  119  68  17  26  20  0  21  95
189.48  307.543  4.87172  2.09233  34  108  40  43  51  73  99  52  129  37  36  18  9  80  129  0  12  70  127  56  82  109  109  78  129  42  9  22  22  90  80  1  36  107  57  18  22  129  34  1  122  129  7  4  20  14  6  8  92  21  0  12  4  21  4  4  4  18  14  32  1  0  39  76
480.506  307.452  4.91206  -1.5954  35  66  1  0  19  121  1  0  23  121  30  6  39  20  33  61  121  37  5  61  65  101  2  121  65  121  86  44  9  65  121  8  38  11  30  41  121  12  0  86  121  29  67  34  3  20  121  27  7  21  46  2  121  7  5  31  106  6  94  72  3  1  101  60
546.199  309.605  5.47202  1.08678  16  24  74  21  142  31  14  3  23  57  129  0  54  5  30  22  42  1  81  24  148  47  19  10  68  87  148  16  37  5  91  10  55  22  53  7  148  8  20  69  54  2  148  105  53  7  78  8  38  78  91  2  96  5  32  44  29  0  115  39  70  5  43  6
504.846  311.558  5.16427  -1.9117  9  6  90  6  102  4  24  51  121  32  2  96  59  49  120  16  20  9  82  8  120  15  46  4  121  75  17  23  39  19  121  88  47  25  49  3  96  32  63  10  121  6  69  121  12  0  121  121  90  40  21  2  16  64  107  6  47  4  48  60  18  11  68  28
583.09  289.014  5.91341  1.16675  2  23  68  120  62  54  35  44  73  53  16  80  28  23  22  92  18  12  5  62  120  7  7  24  38  18  120  51  120  19  29  61  9  111  44  3  120  22  19  6  59  46  120  1  120  15  52  35  13  25  72  54  120  25  38  12  105  120  120  0  25  25  109  17
601.452  299.128  6.33822  -2.105  88  113  30  1  49  59  111  6  118  0  36  60  22  3  118  35  85  118  100  50  33  39  118  43  118  12  41  16  12  0  118  17  12  23  96  68  24  118  80  32  48  106  63  33  12  48  87  16  28  4  23  73  12  14  30  71  4  23  83  86  65  37  18  62
601.452  299.128  6.33822  -0.53199  4  116  31  24  0  116  18  9  58  81  14  12  42  14  62  74  0  44  63  116  12  48  16  116  93  71  36  45  24  85  84  5  50  108  9  55  38  116  38  42  116  70  31  26  13  31  74  11  116  34  1  88  113  116  55  76  26  100  65  11  4  24  69  27
197.453  305.427  5.74399  -2.54973  73  123  0  9  123  98  1  44  34  11  10  48  3  44  81  3  24  50  66  103  36  28  21  123  123  5  4  123  44  17  28  7  37  47  123  17  74  123  46  27  123  79  12  17  48  2  7  59  16  73  90  3  90  65  23  22  28  41  53  95  27  0  47  123
473.158  284.633  8.00047  1.25366  0  29  71  6  14  44  48  1  97  120  11  2  38  72  77  14  2  12  26  68  64  37  48  40  120  75  45  26  19  41  120  18  26  6  20  70  115  80  33  27  120  23  59  120  18  21  107  120  95  67  6  18  109  70  117  41  18  9  113  79  21  29  5  61
547.412  295.716  8.04003  1.13505  9  80  22  21  45  71  24  17  100  22  47  7  93  15  49  31  39  31  9  102  64  38  68  69  126  89  84  6  29  48  126  25  23  15  20  50  108  43  17  47  126  24  89  92  37  16  126  40  73  92  16  0  72  126  91  8  70  17  82  63  44  4  82  29
107.041  299.389  8.01395  -3.11527  28  50  121  31  136  78  0  66  113  11  0  13  2  0  3  1  25  17  136  72  136  30  1  108  136  6  0  18  2  0  4  1  18  108  136  8  136  98  5  31  136  13  0  11  2  0  5  1  11  52  68  33  133  72  8  26  118  12  0  9  1  0  5  1
146.896  300.365  8.23998  -0.0438002  0  9  106  28  23  25  37  57  122  31  19  20  17  52  132  6  0  12  132  36  63  12  73  110  132  10  4  44  29  50  78  22  0  39  132  20  61  86  74  23  132  30  6  5  25  26  114  29  0  28  132  37  61  42  53  59  132  14  14  14  11  13  82  85
603.233  307.954  8.2472  1.17027  18  25  110  76  62  45  5  20  27  103  22  5  50  115  20  2  56  24  44  73  78  33  33  90  115  42  13  72  46  42  53  70  100  35  15  12  84  35  107  18  115  16  61  115  23  3  103  115  101  23  31  20  100  87  115  7  32  18  99  48  30  15  43  28
210.105  281.786  9.11311  1.63585  1  1  3  59  5  2  2  80  3  1  10  70  8  1  4  68  9  1  59  122  120  2  11  122  53  8  67  85  33  14  38  93  24  122  91  23  122  122  13  25  98  108  54  3  39  119  41  3  10  122  20  32  42  122  10  61  21  36  19  120  6  27  8  122
123.655  286.989  9.77338  -3.00851  26  28  136  5  115  32  58  51  136  6  0  34  13  0  3  2  26  25  136  8  113  40  125  51  136  7  0  41  33  0  4  4  45  31  136  38  51  120  106  9  136  37  0  13  45  0  3  3  134  19  57  28  31  37  77  11  136  18  0  17  35  1  1  5
370.332  295.116  11.4457  -2.95251  13  39  3  51  145  33  0  67  145  4  0  48  35  1  14  9  17  30  12  49  145  32  0  69  145  7  0  61  86  2  11  13  22  107  2  55  93  130  0  61  145  40  0  50  107  1  8  16  12  14  13  61  63  6  0  90  145  0  0  77  124  0  3  23
481.854  299.315  9.97912  -1.96589  15  24  107  37  11  68  57  31  115  82  23  16  52  21  95  98  55  21  81  37  115  115  55  9  55  92  115  48  11  54  78  44  80  22  30  16  115  19  82  108  24  16  115  95  45  61  5  16  64  58  54  7  18  24  84  88  28  21  29  54  115  17  0  18
481.854  299.315  9.97912  1.45299  3  17  57  31  74  61  9  39  73  51  51  64  27  9  64  37  12  59  61  14  125  111  30  17  52  96  125  20  50  40  42  9  42  12  29  66  125  35  45  104  31  21  125  125  122  28  42  44  123  48  16  23  67  37  125  40  48  12  49  71  103  38  13  21
418.938  303.38  10.1656  -1.51071  32  0  55  131  14  0  56  131  122  1  18  131  13  0  91  131  47  4  100  47  49  4  64  62  131  5  50  44  15  1  131  73  24  12  101  23  57  39  49  12  131  15  76  29  17  25  104  20  15  30  75  14  68  103  13  11  37  75  68  16  18  28  27  9
199.241  307.575  9.20461  -2.83727  1  83  116  5  116  116  17  15  116  49  53  7  8  35  116  9  1  58  116  6  67  78  42  58  116  27  33  48  6  41  116  5  0  25  98  2  30  85  53  27  116  31  10  85  20  43  108  24  1  10  42  1  2  19  116  69  73  7  36  116  102  10  32  50
199.241  307.575  9.20461  2.87386  1  2  50  10  3  70  117  21  91  117  32  5  103  47  52  8  0  4  95  27  36  44  81  52  117  99  10  21  24  25  117  30  2  9  95  45  46  77  30  70  113  57  35  22  6  4  117  44  1  3  117  73  114  12  24  117  117  6  40  48  2  23  117  15
444.866  306.66  9.75901  -1.43938  31  0  113  64  56  1  50  71  118  1  55  50  10  0  118  64  28  14  118  24  78  33  57  21  118  7  95  36  19  25  118  23  17  39  116  21  88  118  26  9  86  114  78  28  25  41  59  12  15  24  73  32  118  42  19  55  56  57  118  47  15  9  64  39
174.563  288.101  12.7985  -0.0815802  1  12  91  11  68  20  38  13  24  26  120  34  120  28  14  18  8  0  120  45  120  13  40  36  35  107  120  20  120  74  12  11  17  12  120  18  120  22  31  19  38  33  113  37  97  27  8  19  15  17  120  7  120  17  44  21  35  7  105  107  118  9  3  32
132.303  296.586  12.7841  -3.05146  136  57  49  16  66  13  115  37  136  3  0  28  18  0  7  2  112  41  78  11  68  29  136  24  136  8  4  36  37  0  7  4  118  13  47  105  50  70  136  11  136  40  6  3  45  0  7  2  136  30  26  46  57  23  87  15  136  11  6  29  35  0  5  6
375.664  298.959  11.7344  -2.96597  11  30  1  38  153  23  0  47  153  2  0  41  42  1  10  9  13  28  8  53  153  29  0  71  153  6  0  63  96  1  8  14  20  81  4  36  113  98  0  41  153  28  0  37  121  0  6  15  11  10  12  50  73  6  0  80  153  0  0  73  131  0  2  23
135.444  304.568  19.5182  -3.0778  69  19  125  26  103  8  17  64  130  33  39  30  6  130  98  0  48  72  118  8  99  40  107  21  130  6  11  26  20  15  15  4  46  6  130  64  102  32  72  37  130  26  9  7  23  0  16  5  48  28  130  13  113  19  24  25  130  2  7  29  22  0  16  5
384.592  316.098  21.0316  -3.09562  3  2  10  30  157  3  2  38  174  0  0  24  23  1  72  12  6  11  20  21  174  13  6  37  174  2  0  24  34  4  74  5  10  20  24  25  174  37  7  30  174  13  0  20  40  1  57  7  7  45  19  13  122  55  7  20  174  18  0  15  37  3  48  2
417.83  287.246  42.9434  -3.04778  11  1  10  102  126  1  0  130  151  0  29  80  14  6  80  57  30  4  5  32  151  3  0  40  151  3  45  36  47  11  87  15  74  5  0  26  151  15  0  9  151  11  24  18  44  57  71  6  95  11  1  23  104  47  0  4  151  13  1  34  27  17  25  46
