1 800 600 0.8
88  64  
1
1
88
266.043  313.539  1.61411  -1.01733  15  124  45  0  109  124  5  0  54  124  0  0  3  124  10  0  18  104  124  0  124  51  41  5  71  37  6  29  0  21  42  41  7  54  124  8  124  90  66  12  38  13  47  71  0  2  91  111  17  81  29  11  14  124  59  1  3  18  116  24  4  30  74  19
376.563  315.574  1.69722  2.69283  66  1  2  65  146  64  10  52  142  124  2  3  20  41  29  4  67  12  0  6  146  35  0  15  146  32  8  15  13  11  13  40  71  9  0  2  146  4  0  62  146  7  11  92  4  8  38  50  37  15  0  0  107  9  0  55  93  0  0  146  8  0  12  146
252.543  322.164  1.63665  0.125343  4  1  0  0  78  12  0  0  137  96  0  3  59  128  0  45  4  3  1  0  137  14  0  3  137  68  0  46  100  137  1  31  10  12  4  0  137  60  0  1  137  72  2  52  137  5  1  114  19  6  7  0  137  36  0  0  105  99  22  2  54  33  28  39
298.993  322.182  1.66589  1.7267  10  12  48  14  103  3  24  40  147  1  0  46  55  0  0  29  2  12  145  20  101  0  40  77  147  3  0  62  107  3  0  14  0  21  147  3  116  21  62  12  147  39  0  6  106  20  0  0  0  20  139  3  107  28  58  0  147  14  0  6  91  13  0  3
309.298  322.405  1.63596  1.50025  56  4  0  3  112  17  0  7  147  24  0  16  91  77  8  6  57  38  7  5  78  4  18  89  147  9  0  66  147  10  0  12  12  29  68  29  92  13  51  64  147  22  0  22  138  2  0  26  0  5  147  37  116  2  29  63  147  7  0  28  107  2  0  13
325.786  323.45  1.62918  1.05609  96  1  0  42  103  42  8  35  15  76  58  25  5  122  42  0  97  2  0  48  101  6  10  123  123  34  14  102  56  113  44  31  50  45  0  7  70  117  2  33  123  47  11  98  44  3  21  123  76  30  0  4  95  95  3  0  14  123  78  19  44  49  49  58
318.341  330.2  1.6845  -2.89488  1  0  124  66  83  17  30  26  124  46  3  0  6  14  20  3  12  37  124  94  124  28  15  39  122  17  15  38  0  0  31  58  8  105  124  18  124  35  40  52  54  0  39  124  0  0  56  124  2  21  121  92  41  8  38  103  11  0  21  124  0  3  68  64
355.793  330.225  1.67334  1.63335  16  1  103  22  38  19  53  25  137  20  0  5  114  9  0  0  16  0  137  47  69  1  53  91  137  4  0  39  137  6  0  0  14  14  137  22  92  36  65  16  137  40  0  6  137  13  1  0  34  46  36  2  62  137  36  0  137  98  0  0  66  22  9  9
260.167  331.231  1.79141  -0.574771  82  116  1  0  88  133  20  0  133  54  7  1  27  102  77  1  133  108  16  0  57  47  121  0  133  9  10  2  57  27  55  12  76  21  28  4  43  4  133  12  133  5  11  27  95  22  17  14  26  3  25  6  20  14  95  17  133  32  5  31  116  30  0  7
311.638  338.757  1.62483  -2.25573  80  34  55  0  133  27  0  0  62  70  0  0  34  31  4  2  64  49  104  0  133  52  0  7  81  84  17  2  3  16  43  5  31  36  133  3  133  3  3  50  120  8  31  25  0  3  87  25  3  48  133  15  133  1  34  120  133  0  28  96  0  0  122  72
320.453  340.92  1.6944  0.587123  9  60  125  1  62  54  101  45  138  89  2  36  30  125  39  2  6  16  138  3  62  57  117  1  138  31  1  24  68  34  57  24  3  0  138  32  64  2  99  14  138  5  0  13  89  5  7  25  0  0  76  52  73  0  47  32  138  0  0  9  80  1  0  22
237.31  348.631  1.68951  2.87247  114  0  46  30  157  4  0  39  75  5  5  68  10  29  101  10  157  0  35  27  157  18  0  21  93  34  9  34  35  4  75  42  157  1  18  11  157  13  0  25  75  20  38  19  17  6  53  48  149  6  4  7  157  28  0  33  63  30  20  31  2  23  61  11
378.177  349.788  1.65476  -3.00282  11  0  146  35  146  11  27  13  84  46  0  0  11  45  0  0  22  2  146  19  146  7  25  13  146  36  0  19  7  44  4  27  15  59  146  0  146  57  21  21  146  8  0  53  17  33  4  32  6  87  77  0  61  62  93  32  146  3  3  51  22  8  4  36
360.257  313.973  2.16183  1.14378  4  6  133  24  133  17  22  8  133  38  1  22  23  28  9  13  11  13  133  35  133  19  13  5  133  6  0  26  54  15  51  43  9  55  133  0  133  49  4  2  133  4  21  37  37  2  108  133  5  57  90  0  55  64  1  0  73  24  76  34  52  32  93  64
382.275  316.382  2.13274  2.72937  3  0  133  133  45  3  47  133  59  68  46  69  133  61  8  11  1  0  133  113  104  3  10  80  133  67  2  28  82  56  7  7  3  1  32  22  110  9  0  5  133  10  0  37  57  6  14  35  6  5  1  1  57  12  0  3  133  4  0  80  43  0  6  133
257.169  319.638  2.13614  0.133756  17  2  0  0  138  25  0  4  138  17  1  64  23  10  47  43  42  5  0  0  138  84  0  5  129  138  1  47  77  104  7  43  59  16  1  0  138  44  0  34  138  75  2  84  63  69  18  16  87  18  3  0  138  77  6  5  99  31  16  68  78  1  3  75
328.897  319.048  2.17087  0.579508  55  0  0  70  72  8  7  45  6  50  92  5  0  59  45  0  85  7  0  23  121  33  1  23  48  121  84  13  10  71  95  0  53  66  0  1  121  54  1  70  121  87  42  65  11  113  121  2  77  100  0  0  60  121  35  10  121  44  22  104  26  65  96  42
271.649  321.176  2.11005  0.57237  13  49  63  3  16  120  50  1  19  108  40  24  13  123  29  25  36  14  22  123  98  93  17  32  70  123  7  0  34  123  0  0  102  122  0  46  123  93  5  19  123  38  0  37  42  41  0  20  95  17  0  105  48  13  6  108  63  1  2  102  43  0  3  88
271.649  321.176  2.11005  1.77873  32  27  68  12  124  58  14  0  124  20  0  7  21  1  29  28  96  48  11  21  124  59  2  18  124  2  4  91  5  0  49  116  51  117  11  2  91  22  42  98  99  13  6  124  3  6  64  81  13  16  37  91  83  3  97  83  124  6  29  76  7  4  85  97
280.797  321.801  2.05648  1.96587  47  44  98  2  156  7  3  28  156  12  0  8  36  25  28  1  26  55  119  3  156  42  18  5  156  17  0  8  39  2  30  22  39  29  49  35  156  44  17  12  156  2  0  46  16  0  38  77  86  39  1  29  124  37  4  19  89  2  4  116  11  4  26  77
362.12  321.305  2.2448  -1.18209  21  3  118  126  59  28  50  48  1  57  88  6  11  25  49  27  37  73  126  17  126  52  20  17  23  115  95  0  1  116  107  0  6  80  126  2  126  34  30  18  59  46  60  6  6  92  82  1  1  70  126  0  103  61  37  10  49  9  18  35  4  7  77  55
293.69  325.226  2.13079  1.83229  48  1  46  41  155  0  0  77  98  0  1  31  11  10  28  2  42  18  131  20  155  10  3  32  155  14  0  5  27  20  27  0  34  41  148  0  155  16  9  10  155  21  0  6  36  36  34  0  19  29  96  2  155  44  15  0  155  30  0  1  29  11  29  6
337.359  325.004  2.20526  -3.11368  52  5  24  104  39  6  102  57  123  19  8  59  27  43  110  73  123  14  10  95  82  2  96  57  123  15  11  47  38  34  123  101  59  17  2  67  98  3  10  63  123  19  11  41  16  29  123  70  26  0  0  35  106  9  0  24  101  5  11  49  4  0  101  68
380.821  325.784  2.14257  -2.96497  11  5  73  41  61  3  123  62  117  0  21  109  1  5  52  108  6  0  86  123  63  12  123  111  123  18  13  41  10  78  39  10  2  3  113  94  61  43  37  83  123  28  0  33  19  19  8  19  1  0  123  40  45  0  5  85  123  0  0  97  33  3  10  66
308.681  327.003  2.15797  1.42257  73  12  0  4  150  45  0  9  85  144  31  8  32  124  53  17  53  18  18  35  150  12  1  48  150  28  6  9  12  74  77  7  59  5  72  62  150  15  1  22  150  3  0  23  13  2  46  28  89  24  70  23  150  60  0  6  114  21  2  3  8  3  44  5
350.229  327.352  2.14907  2.14011  9  19  115  14  84  4  43  99  131  0  0  104  60  4  21  18  24  14  98  54  55  76  126  35  131  40  1  58  131  3  32  28  56  5  9  51  76  113  29  18  131  127  5  43  73  11  34  114  49  16  0  2  90  21  0  11  58  43  5  53  61  93  8  40
328.388  327.919  2.15999  -0.349984  5  105  32  0  49  72  35  0  100  98  10  3  5  31  70  7  4  69  114  29  98  115  53  11  84  107  65  19  1  5  115  34  24  43  108  68  115  83  19  40  33  34  115  65  22  21  98  27  70  115  10  4  46  115  71  8  4  33  115  23  49  47  35  4
328.388  327.919  2.15999  0.888574  95  19  1  22  19  87  45  13  12  79  59  4  56  35  11  27  106  15  0  68  113  45  12  79  32  113  98  21  27  108  48  10  63  102  3  5  113  61  31  89  113  31  31  113  45  113  27  5  89  69  6  0  14  97  113  10  113  39  27  29  110  36  13  29
366.623  327.997  2.10346  -1.23507  0  41  128  1  88  63  77  9  128  43  24  3  0  64  61  0  0  45  128  0  53  61  128  8  128  19  21  12  9  43  45  1  0  51  128  0  31  98  128  3  128  33  8  13  14  11  23  21  2  29  96  28  2  60  128  53  18  17  44  128  11  0  28  128
233.96  330.678  2.20548  -2.96883  129  0  1  64  86  3  5  129  25  18  47  50  1  31  129  0  55  0  10  57  129  2  0  129  129  4  25  52  10  11  129  3  20  0  16  9  129  10  0  17  129  9  15  62  11  39  129  28  9  0  6  8  84  0  0  51  76  0  0  129  129  84  16  41
252.606  330.679  2.19003  0.228821  11  6  4  0  135  19  0  15  135  55  0  72  54  65  9  31  23  16  24  0  135  58  0  4  135  77  15  57  108  7  7  119  20  37  39  1  135  10  2  34  135  51  34  25  30  39  52  46  3  121  134  0  135  14  28  31  135  2  4  53  12  32  27  8
337.214  331.486  2.23413  -3.10781  3  35  43  14  57  19  34  19  122  0  0  60  55  2  75  97  63  6  24  122  43  9  122  67  122  20  11  73  36  52  122  87  122  16  6  94  76  2  90  59  122  13  11  42  41  32  122  96  42  15  2  47  67  2  7  51  122  12  6  29  14  21  106  50
343.315  331.966  2.06292  0.272711  1  32  111  1  20  79  37  0  3  58  120  26  13  29  33  84  6  58  127  1  127  49  58  2  22  127  127  2  17  127  27  2  7  63  127  17  125  77  51  10  77  101  23  34  7  127  8  12  11  109  85  3  9  63  93  6  51  10  12  54  24  7  1  43
343.315  331.966  2.06292  2.33986  122  0  3  114  122  0  3  69  19  4  89  18  21  5  26  22  122  84  16  30  122  27  7  56  45  3  93  80  83  45  18  8  93  73  3  22  101  35  27  101  91  53  37  100  122  50  1  12  67  13  0  12  68  65  4  23  122  122  3  10  55  64  64  37
322.025  332.725  2.11912  -2.87941  67  4  27  24  3  3  123  41  62  27  57  17  58  62  3  0  74  4  36  121  18  16  123  123  123  22  23  36  60  14  16  28  123  30  19  45  24  102  123  37  123  25  33  70  22  0  42  123  111  3  7  49  14  23  123  78  23  7  49  104  3  0  32  101
386.055  332.946  2.12244  0.576725  7  90  41  10  83  70  2  15  123  37  0  41  74  7  0  18  11  46  123  15  123  68  15  15  123  123  1  1  61  27  0  1  22  95  86  6  123  81  52  30  123  25  12  52  31  5  3  13  55  94  20  0  42  123  104  12  84  23  37  122  84  1  6  91
357.259  335.449  2.20486  1.66809  12  3  96  27  144  7  9  37  144  3  4  16  25  0  31  8  23  2  126  57  144  10  6  44  144  9  7  3  21  1  47  11  28  24  134  34  144  38  8  28  144  16  12  3  16  3  52  10  42  103  34  2  144  143  4  8  96  27  26  37  8  1  34  49
270.983  337.693  1.98992  -0.389376  77  10  64  13  136  1  3  51  136  32  2  6  36  68  18  0  40  18  104  17  136  27  4  53  136  20  0  31  88  21  5  24  16  64  59  1  136  32  14  86  136  3  0  136  105  0  0  118  9  43  35  0  44  58  38  19  135  6  0  52  65  0  0  71
316.784  338.702  2.12504  -2.53584  0  22  123  0  30  31  123  0  99  62  1  0  26  46  0  0  2  24  123  1  69  17  123  2  123  50  4  1  9  28  27  7  18  18  123  51  85  5  123  62  123  1  12  51  5  0  72  72  27  25  76  88  42  98  119  30  104  12  25  103  2  0  88  100
234.487  339.423  2.09356  2.16112  12  8  35  59  108  87  6  13  125  125  0  0  62  36  2  3  76  20  2  5  125  92  0  9  107  79  16  11  21  4  27  34  69  113  0  0  125  77  0  19  84  12  36  41  2  0  95  85  66  120  0  7  57  99  13  40  16  12  86  125  0  0  104  119
287.185  339.261  2.06762  -1.56532  44  75  46  0  135  104  0  0  135  87  1  0  24  54  48  6  62  63  44  0  135  43  0  3  135  24  8  33  13  5  135  74  59  30  24  1  135  24  0  2  135  4  20  54  4  0  135  87  67  6  5  15  111  7  0  8  72  1  32  28  0  0  135  48
326.995  339.19  2.12014  0.759109  124  32  2  48  34  74  80  54  16  123  59  4  18  42  17  24  47  55  78  67  124  57  14  95  52  124  52  3  0  113  71  0  16  64  124  1  124  33  16  29  121  45  38  38  1  92  65  0  3  6  117  14  124  1  25  26  124  2  1  39  25  28  23  17
271.519  343.987  2.02049  -1.09756  26  37  10  0  6  23  95  25  130  81  29  18  130  64  0  1  13  41  44  1  41  33  109  18  130  124  5  18  130  107  0  4  6  55  82  0  47  61  100  5  130  40  0  19  130  9  0  18  11  82  68  0  28  83  75  0  130  23  0  2  130  0  0  31
382.846  348.631  2.25008  -2.98128  17  0  28  8  20  0  153  55  153  17  34  24  45  42  0  0  16  0  59  6  43  11  153  23  153  18  37  22  71  37  1  23  13  2  45  4  17  105  153  1  153  70  48  39  109  11  1  42  2  0  16  5  7  40  84  7  74  23  153  41  100  0  9  84
382.846  348.631  2.25008  0.060182  9  86  70  0  107  55  132  7  128  15  7  34  20  12  3  1  1  32  79  17  31  35  151  48  151  3  27  113  64  5  11  3  1  18  55  50  25  13  151  33  151  35  57  12  73  8  16  0  0  0  44  42  37  26  151  25  151  68  19  0  27  7  17  0
338.351  352.394  2.22246  2.93389  13  2  9  44  26  32  45  41  52  151  26  1  11  151  30  0  1  3  42  10  108  4  13  24  151  60  0  5  75  151  28  3  3  11  66  26  148  3  14  24  151  8  0  3  109  12  34  31  9  32  85  16  138  16  26  18  151  14  1  20  58  12  87  58
286.782  317.748  2.42221  2.01852  37  43  89  1  123  32  77  24  150  0  0  39  91  15  5  3  43  23  61  6  70  71  128  5  150  14  5  21  150  9  3  6  21  3  17  65  36  46  66  26  150  30  9  12  143  1  4  39  31  5  1  100  84  25  3  49  150  24  2  21  63  0  5  82
351.175  327.669  2.32255  2.17173  7  18  101  11  127  2  27  101  135  0  0  99  32  6  26  13  15  10  111  50  85  46  111  63  135  19  0  87  100  1  42  35  54  5  16  65  82  113  36  12  135  94  2  38  70  6  26  97  57  22  0  5  107  23  0  8  77  46  1  40  76  88  3  31
316.512  329.178  2.47333  1.52641  58  2  0  106  89  16  4  125  55  28  34  132  120  30  2  84  104  9  0  24  132  70  2  23  53  132  44  30  73  65  27  77  85  10  6  27  132  7  0  40  121  58  21  12  2  68  105  7  47  6  50  35  132  1  0  29  107  1  6  23  2  6  67  11
234.412  331.248  2.31077  -3.0514  115  0  14  43  128  1  1  102  21  13  43  51  1  27  128  1  48  1  36  37  128  1  0  128  128  3  18  77  13  5  128  6  18  0  35  12  128  9  0  18  128  11  14  44  11  22  128  24  10  0  12  9  93  0  0  45  110  0  1  120  121  105  30  26
264.677  338.183  2.57502  -0.570349  132  98  10  0  103  121  29  0  132  43  11  1  37  106  24  0  132  79  6  1  68  18  90  15  132  14  9  23  132  63  4  1  91  40  5  0  37  47  71  5  132  34  8  37  132  14  0  43  47  29  0  0  15  56  43  1  105  30  18  30  116  0  0  64
373.984  338.317  2.61258  1.50803  72  47  14  45  127  29  1  136  18  31  50  136  16  54  36  136  20  130  33  14  126  136  0  33  54  136  12  22  6  136  41  7  38  5  66  46  136  20  1  28  97  39  11  5  11  28  40  4  65  4  47  40  136  25  0  3  58  6  16  9  6  0  20  13
373.984  338.317  2.61258  2.76754  4  24  127  22  127  88  51  9  93  64  3  5  1  38  12  5  27  8  127  94  127  26  31  40  70  19  3  59  4  12  17  21  91  15  54  127  127  8  14  115  67  0  4  127  56  4  3  126  106  54  4  8  34  47  43  20  24  36  45  83  54  4  12  127
341.18  342.718  2.68656  2.87789  1  7  12  5  12  1  31  16  129  22  1  7  92  98  10  1  12  24  31  30  33  14  73  20  129  13  1  6  129  14  22  18  115  3  13  129  58  12  91  63  129  10  6  56  91  6  76  129  129  23  4  63  96  9  40  68  129  40  33  40  33  21  109  101
266.469  318.347  3.01842  0.898299  101  74  3  8  31  117  24  1  45  88  9  4  45  117  14  4  117  5  0  75  79  49  18  76  103  98  5  11  96  108  0  12  111  0  0  65  117  5  0  107  117  14  0  72  51  2  0  117  31  4  0  16  117  0  0  88  81  2  0  110  10  8  3  95
299.456  321.088  3.41262  1.71334  51  4  9  43  138  4  1  40  149  30  2  45  18  48  55  10  125  54  15  6  105  27  79  41  149  6  3  64  55  12  42  11  116  61  25  5  88  44  149  5  149  53  7  3  67  34  48  0  63  5  5  60  80  41  46  16  149  63  2  4  38  14  64  20
251.154  323.131  3.28863  0.353862  0  4  12  0  86  1  0  1  138  13  1  29  51  48  24  19  0  52  54  0  103  11  7  2  138  30  0  28  124  50  0  33  2  138  138  0  80  42  60  2  138  19  0  29  89  9  3  87  26  94  138  3  26  138  108  2  138  20  13  41  48  17  7  23
325.058  323.923  3.1149  0.596571  56  2  0  70  115  3  1  63  42  58  61  10  1  80  46  0  56  66  1  6  115  54  0  12  115  65  32  13  15  97  79  0  97  82  3  12  115  115  14  0  115  68  34  32  51  106  58  11  115  115  0  2  66  100  48  5  88  45  89  8  115  60  18  4
368.411  331.446  3.28262  1.51299  62  132  2  0  58  132  18  18  120  84  2  77  17  111  32  67  107  46  6  23  38  56  61  38  132  79  4  19  53  120  7  2  114  1  14  57  92  4  77  76  132  25  3  11  49  4  9  14  57  31  11  12  107  97  33  17  132  57  4  10  14  1  12  21
376.365  352.259  3.25711  -2.96207  7  0  99  62  74  6  67  66  86  19  0  15  29  6  1  49  15  1  140  49  140  30  66  37  86  76  3  1  5  28  11  1  12  46  140  4  140  46  66  39  104  8  10  77  0  11  16  84  0  19  91  35  72  18  116  97  62  2  31  140  0  7  32  140
371.952  315.503  4.2889  1.31709  1  39  7  5  29  51  4  41  116  50  0  109  116  4  0  87  8  116  44  0  104  116  20  2  68  116  17  6  116  83  8  30  15  47  112  5  116  19  46  20  86  19  29  61  116  63  6  10  4  100  105  2  46  80  45  5  91  79  14  24  116  46  0  7
371.952  315.503  4.2889  2.48495  8  0  78  121  79  19  16  121  121  19  7  83  81  5  3  82  55  8  40  75  121  37  2  42  49  28  53  71  114  6  28  121  66  40  1  2  105  63  7  77  43  25  18  121  103  20  15  34  96  28  0  1  55  95  18  12  44  121  12  9  66  113  5  4
331.397  320.134  4.01358  0.65237  88  3  0  54  39  7  70  70  1  34  115  13  39  42  17  8  83  8  0  97  115  19  18  66  22  115  90  3  12  115  31  4  76  81  3  7  115  90  2  6  91  105  45  5  25  115  30  2  115  108  4  6  84  115  32  2  115  61  26  6  28  106  54  1
260.683  322.852  4.16857  0.318012  25  2  4  0  138  40  2  3  57  118  48  3  28  73  18  9  38  16  18  0  138  15  0  10  138  86  10  13  30  138  19  4  28  74  90  0  138  16  3  15  138  13  0  86  81  28  2  107  12  119  118  0  138  45  32  19  83  11  0  33  46  16  0  61
294.342  330.135  4.30783  1.86434  96  1  2  62  141  25  3  66  25  55  71  23  27  46  34  26  100  38  29  18  141  9  17  74  118  31  57  13  35  27  56  9  74  39  42  21  141  50  28  5  141  32  82  16  17  4  127  45  89  22  2  49  141  32  2  28  73  2  71  110  10  0  88  63
311.717  331.016  4.46524  1.44748  28  7  17  111  95  57  1  62  88  96  0  36  41  126  10  20  94  16  6  60  136  34  0  35  111  81  38  49  70  12  37  136  79  65  43  8  136  30  14  20  99  28  95  9  24  36  78  41  61  42  47  10  136  107  14  1  36  24  83  11  40  32  29  7
238.782  332.131  4.09047  2.73692  2  1  44  17  64  0  60  37  125  8  25  10  5  12  125  8  0  1  100  56  115  2  59  54  125  4  37  41  3  0  125  36  3  0  81  75  125  15  12  24  125  22  64  39  1  4  125  46  6  0  16  16  125  24  0  7  125  125  70  8  0  108  125  4
254.674  335.318  4.01908  0.166354  4  38  68  0  122  25  3  0  122  44  2  6  35  112  16  1  7  78  122  0  122  40  18  2  122  16  0  48  111  23  0  73  18  122  122  2  122  69  77  9  120  14  1  23  64  18  0  66  66  49  76  22  41  94  122  2  103  15  3  5  53  24  0  2
358.376  339.544  4.24627  1.67688  62  111  7  10  130  79  5  32  59  130  19  12  14  110  32  11  68  11  32  65  130  7  20  46  125  10  15  17  18  32  29  5  76  53  16  29  130  78  9  18  94  15  11  41  31  20  11  28  53  122  9  5  114  115  0  10  84  130  1  15  23  130  61  6
371.313  340.905  4.34257  1.6534  104  19  0  129  114  8  7  129  14  36  28  129  53  19  1  117  78  129  8  13  129  100  7  44  59  129  28  24  27  129  34  25  66  12  29  59  129  10  17  38  103  16  17  14  17  41  30  3  57  41  12  22  129  56  6  13  58  10  8  29  26  13  8  22
328.279  343.405  4.03094  0.664744  120  34  1  8  49  96  44  2  28  120  21  2  40  78  0  8  96  120  20  1  120  91  29  7  29  120  78  2  16  41  27  11  34  44  67  29  120  20  39  45  76  72  92  62  6  40  120  64  3  8  64  37  95  11  32  74  30  4  81  120  10  14  82  120
245.995  347.028  4.11328  2.7148  1  0  30  47  3  0  50  38  52  58  48  14  7  104  128  1  4  5  56  29  32  0  96  63  139  25  22  24  33  55  139  6  1  4  114  39  76  1  115  74  139  7  19  33  22  0  139  37  0  0  101  88  88  9  37  47  139  18  25  35  11  0  139  55
340.845  347.305  4.23019  2.87113  31  25  3  7  22  7  47  44  15  122  105  15  23  122  60  37  9  9  18  34  50  5  30  18  122  112  15  7  16  122  122  22  75  2  9  122  107  1  23  81  122  4  27  94  17  23  115  107  65  10  15  52  122  2  1  54  83  2  39  91  61  26  14  79
308.261  351.106  4.69095  -1.89552  35  24  8  19  2  24  42  42  34  36  61  14  63  60  20  19  47  7  49  120  44  23  45  120  116  15  15  28  31  6  120  73  120  93  43  56  100  120  69  9  107  49  59  32  12  3  120  50  120  55  4  27  49  47  43  115  8  42  109  70  2  23  120  37
383.762  351.435  3.63524  -2.95392  7  1  42  10  7  0  123  90  76  7  53  61  77  11  0  25  0  0  91  9  28  4  137  65  137  33  39  30  55  51  4  2  0  1  92  5  21  57  137  6  137  30  46  63  52  5  13  123  0  0  65  16  0  12  137  82  58  6  85  137  28  7  28  137
383.762  351.435  3.63524  0.141545  27  135  21  9  63  135  67  3  135  111  0  7  70  26  0  0  12  133  41  4  38  73  135  25  135  9  24  55  87  8  0  1  4  2  47  50  32  23  135  39  135  60  35  7  92  11  0  0  0  20  75  13  48  60  79  10  123  92  7  0  46  9  5  0
372.268  317.791  4.81997  1.39726  10  18  3  49  67  23  0  113  113  14  0  113  100  0  0  85  9  113  17  0  88  113  8  4  107  113  4  17  113  57  3  45  18  73  68  0  113  34  36  20  104  32  8  45  113  62  2  3  13  107  69  2  32  100  50  4  108  82  0  12  111  27  0  7
372.268  317.791  4.81997  2.44404  6  0  51  123  30  2  30  123  111  15  15  91  70  36  3  27  24  2  74  123  123  26  9  78  107  19  18  72  119  0  6  123  53  29  12  15  123  43  2  52  49  13  19  119  123  8  7  45  83  29  0  0  61  89  8  8  45  123  6  14  83  75  4  7
279.978  330.14  5.21516  1.94175  93  12  4  35  137  9  8  52  30  34  55  5  48  11  9  24  82  33  13  19  137  24  9  16  57  13  136  42  26  0  40  84  133  15  1  48  137  13  7  95  24  0  110  137  8  0  34  99  77  5  0  104  22  2  7  137  11  4  22  137  57  35  12  87
229.693  341.821  4.9175  -0.098308  80  0  0  138  103  3  83  138  7  26  138  31  56  32  24  0  32  0  0  14  138  20  13  29  40  72  138  3  98  51  39  0  29  0  0  6  138  6  2  27  81  63  138  9  70  44  61  0  8  0  0  9  138  0  0  67  93  11  58  107  30  23  38  12
277.111  349.474  6.08866  -0.392105  27  52  119  3  119  119  11  0  68  119  61  0  1  84  81  1  43  59  119  10  119  69  2  6  119  69  41  36  3  119  112  11  98  28  21  31  119  84  0  1  67  64  18  26  18  24  30  57  119  6  0  8  119  15  0  4  39  26  51  11  32  8  81  34
239.988  313.103  8.19644  2.89768  13  8  50  36  19  2  84  45  42  19  88  30  0  11  78  2  27  0  41  119  59  2  101  93  119  89  66  25  1  104  103  1  5  0  22  87  105  4  27  42  119  74  18  99  34  119  110  74  2  15  2  5  71  42  0  3  112  119  8  58  44  60  26  115
355.19  313.717  7.90967  -2.88095  38  0  32  52  35  5  9  116  45  20  23  116  6  10  32  116  13  0  88  116  44  1  20  116  93  12  42  116  6  18  95  116  24  1  116  88  116  5  4  85  116  19  37  78  6  33  85  47  9  17  116  6  82  2  6  51  44  0  9  116  1  0  28  96
311.769  335.409  7.92325  1.64378  29  90  21  21  130  86  4  8  81  64  39  9  2  13  79  52  46  10  30  110  130  17  2  61  82  31  70  56  16  92  101  14  77  22  29  48  130  48  3  12  80  36  37  30  30  55  33  42  130  4  0  54  130  18  7  119  29  2  34  130  11  0  19  125
367.763  346.52  8.04849  1.80561  74  0  0  124  61  0  0  124  32  2  0  124  28  4  1  47  124  37  0  106  124  27  0  81  80  78  0  39  35  26  18  54  69  121  8  4  124  56  1  17  116  59  26  13  4  19  91  70  39  69  19  48  124  54  5  46  98  44  57  36  13  59  107  14
234.476  351.718  8.02156  -0.357759  64  0  0  75  132  13  34  132  26  26  132  100  42  72  42  3  24  0  0  9  132  27  13  33  67  74  132  20  127  116  15  0  21  0  0  13  132  6  6  62  93  44  59  38  115  48  2  3  19  74  0  2  81  83  2  23  132  14  1  23  84  22  1  4
316.529  317.032  12.5905  1.53815  52  30  13  23  80  112  0  13  124  65  1  14  44  14  13  33  124  11  0  19  124  39  0  54  124  54  14  11  12  33  97  24  53  2  8  54  124  8  0  83  124  18  3  75  9  31  68  71  11  117  33  6  124  94  6  56  102  23  9  124  13  0  42  124
287.192  337.812  16.5439  1.21581  39  11  30  21  96  68  0  7  115  89  2  6  57  10  4  37  48  26  47  18  122  25  0  26  119  47  34  20  10  8  76  60  17  122  122  4  122  95  25  54  71  4  22  122  5  15  78  85  1  51  122  55  4  32  109  122  55  1  12  122  57  31  10  73
