193
-82.9095 -8.64454 233.779
36.8657 3.68035 230.368
-67.5825 10.3914 237.069
-7.89328 -7.34986 234.792
-70.5846 30.0534 235.227
-10.5991 -46.8557 236.477
23.5733 -22.2869 232.738
-9.96087 9.93956 234.462
-10.1582 9.67667 233.697
-76.021 -3.38313 232.902
-69.212 28.6441 235.59
-3.50191 -19.0069 231.786
-90.5106 1.13667 234.636
-9.61917 -21.147 235.269
5.93198 -14.4828 233.448
-86.1212 31.7732 235.199
7.8111 -31.8361 233.665
-7.2628 -30.425 234.439
-74.7782 8.88611 234.309
-75.8801 -33.4834 233.634
-83.5462 -15.2353 217.503
-10.5292 -20.9578 234.543
-3.04276 -40.5477 233.662
-0.624121 -4.94355 233.392
9.74143 13.3854 234.033
2.53261 -31.1576 234.087
-89.1519 31.3682 235.06
-25.2858 -17.9597 207.568
-60.1206 -7.13223 234.556
-74.2008 -10.2308 233.517
-87.5453 26.5314 235.144
-10.6021 -18.8327 234.416
6.76898 -31.3636 233.861
-85.8674 -21.7736 233.405
10.5401 -42.0773 235.3
-0.179559 -1.05093 233.525
9.68054 13.5937 234.322
32.0974 1.62614 230.911
-78.5919 -25.0563 234.085
21.0231 11.8543 231.752
-2.48953 -34.2871 234.708
-7.69316 -21.9853 234.173
8.83771 -43.9052 236.056
-9.48393 -37.123 235.76
-84.107 -20.7136 233.52
-83.6632 32.2771 236.127
-60.8354 -10.2653 234.136
10.0072 -41.9362 234.81
-79.2851 39.3563 235.582
-79.1302 4.03265 233.804
-74.3032 -0.244649 233.981
-10.4524 3.90456 233.821
-79.0574 29.1102 235.063
-36.1688 20.7654 234.959
-84.5257 32.3419 237.527
-86.1212 31.7732 235.199
0.504252 -33.9425 234.155
-81.0755 4.28434 231.524
-81.0476 -38.6965 233.687
-80.9576 -38.911 234.302
-9.65622 -21.1779 235.86
-63.9459 -3.37404 234.398
30.525 -9.89207 231.56
-80.515 15.6603 232.13
-71.731 2.96818 234.053
-29.74 -8.87309 234.61
-29.3873 -8.7768 236.049
-88.7294 -16.4371 233.313
-77.05 34.979 235.332
-88.4592 4.01899 233.706
-88.6361 1.37309 233.849
-0.571079 -23.7994 233.537
10.0072 -41.9362 234.81
-63.131 -11.3705 234.1
-81.1246 26.7741 234.742
-84.6778 -19.6378 233.975
-71.7952 2.97276 234.256
-4.8953 -1.07738 233.766
-83.0296 -27.6481 233.589
-78.4887 28.854 233.468
-34.6844 -23.3442 234.66
-61.0373 -5.95143 234.188
-79.7246 -37.1938 233.796
-23.0696 -23.5796 234.364
-87.8556 -28.8095 233.518
-80.8297 2.8764 233.855
-81.543 7.58091 233.745
-69.4173 1.43988 234.197
-8.14658 -19.3371 233.124
-16.5586 -28.4105 234.034
-78.3015 36.2265 235.191
-78.2631 36.4245 236.019
-85.8389 -25.6538 233.353
-82.4736 -0.726433 233.688
20.8927 11.7409 230.074
2.70906 -31.6976 235.509
2.11369 -31.5039 234.104
-78.6865 36.0357 235.335
20.3233 18.4213 232.042
-63.3554 16.4509 234.526
-83.2214 -16.6391 233.435
3.7549 4.04381 233.418
-22.4088 -34.6667 234.089
-76.1678 -17.5962 234.245
-67.9883 -13.6604 234.055
-85.5197 -26.6268 233.719
-74.4835 23.554 233.121
-80.2812 46.5313 238.315
-80.3632 46.1349 236.689
-68.0345 -13.5845 234.105
20.6701 -14.8698 227.897
-75.3353 -4.96882 233.575
17.472 -16.1435 232.013
-89.1958 -9.74232 231.612
-60.7414 12.5568 234.633
10.7308 -4.84906 234.808
-89.177 -15.5795 233.265
-63.1677 14.5237 234.731
-91.1924 -3.27027 233.486
1.73587 -2.6485 233.652
-83.6822 -21.5012 233.409
-76.5771 14.9025 234.194
-78.8323 5.19233 234.993
-78.8578 5.04669 234.034
-58.2007 -18.2855 234.739
43.3403 3.79414 230.132
-89.593 -4.3222 232.436
-81.9183 -1.58766 230.626
-60.4686 22.2791 235.027
18.1634 -2.30898 230.486
-92.9333 -2.22959 233.487
-78.6887 4.21625 234.032
-10.8737 -1.66573 233.395
-92.0719 18.3972 234.603
-78.7178 45.1498 236.501
-59.2051 -19.4012 228.055
15.2374 -41.6759 234.509
15.2374 -41.6759 234.509
-77.9967 2.4691 230.684
-83.8514 -17.7169 233.682
-77.6818 23.9043 235.629
-87.8172 -8.78139 233.49
-80.754 31.2456 235.236
17.8668 -18.8784 233.219
-81.0494 31.6676 235.203
-63.292 -18.1195 234.2
-59.9462 -5.36521 234.109
28.8608 -12.4921 232.06
-7.36008 -16.6535 234.023
-4.77004 3.52771 233.7
-79.2741 -3.81661 233.685
-79.3467 -3.76544 232.912
-78.2914 -32.5126 231.459
-86.5306 -14.2059 233.441
36.8687 -11.1775 231.233
34.704 2.24864 229.98
35.657 2.37152 231.718
10.4267 -27.7374 233.44
-1.0298 -37.6019 235.357
-69.9219 29.7064 231.246
-70.2219 10.9958 234.726
-60.8191 24.8571 235.344
-79.316 8.01145 235.238
-83.1113 9.77198 233.999
-11.6887 -20.143 234.392
-69.1394 1.44241 234.964
-83.3765 7.86541 230.548
-70.2518 5.14633 234.663
-70.3543 5.25655 234.168
-17.1928 -15.2023 234.693
-62.7691 -4.90108 234.167
-87.1404 49.6544 236.684
-63.1493 -5.50261 234.278
-3.65059 -44.0808 238.587
-4.18682 -43.6844 237.399
-58.5741 -15.7681 234.999
-86.6003 -25.6584 232.176
-85.6849 -35.8312 233.875
-75.9652 19.1319 234.827
-2.01733 -19.8492 237.513
-38.7714 6.00752 233.953
3.5609 -15.379 233.871
-58.7518 -8.28375 234.648
-81.9798 29.7271 231.823
-32.4427 -3.91869 189.696
-83.581 -16.2481 229.058
17.8271 -2.93604 232.458
-17.8048 -26.5024 234.501
33.5582 -3.8513 231.175
37.9664 8.63555 228.807
38.3571 8.70636 229.499
-14.6653 -0.240099 234.303
-14.6653 -0.240099 234.303
