96
489.028  201.382  443.548  292.557
528.083  569.874  367.14  507.898
405.072  196.529  389.441  261.707
546.404  245.428  475.165  335.737
126.457  208.472  195.645  166.48
154.776  521.851  94.2702  318.274
499.551  588.662  343.266  510.22
454.427  193.013  423.771  277.601
287.858  178.53  312.998  211.103
144.735  188.037  214.061  164.494
437.349  272.308  389.449  306.859
442.573  283.471  391.272  314.898
213.559  309.412  219.683  239.617
441.802  566.742  299.38  467.476
143.331  100.65  241.325  131.371
442.573  283.471  391.294  314.762
196.212  249.186  226.771  206.298
199.147  294.136  213.834  227.005
594.341  315.039  490.926  387.618
149.958  260.553  192.542  194.925
206.454  162.113  260.827  174.017
504.846  311.558  424.587  350.319
437.349  272.308  388.006  306.182
546.404  245.428  473.991  334.681
437.349  272.308  388.418  306.456
434.183  267.833  384.21  301.127
222.742  292.675  231.973  235.397
216.215  163.294  266.074  177.248
541.937  108.448  502.925  270.971
194.489  319.009  204.267  237.1
460.435  363.745  381.761  361.503
601.665  294.424  502.191  380.127
573.707  201.848  504.746  324.74
127.743  171.601  208.184  151.807
489.028  201.382  444.839  292.928
219.619  376.387  197.925  271.549
442.573  283.471  392.246  314.967
216.215  163.294  266.871  177.527
427.457  293.734  377.824  313.57
113.324  117.334  217.233  127.075
201.768  220.693  242.194  197.378
115.64  194.636  193.629  156.944
549.275  284.467  467.211  355.037
418.938  303.38  364.998  313.76
504.054  549.79  358.238  485.802
194.489  319.009  203.465  236.275
622.465  400.317  491.16  445.229
136.899  523.043  82.104  311.774
542.377  262.638  466.989  341.089
561.653  561.081  399.573  519.496
128.057  243.963  184.065  180.039
120.579  109.835  223.678  126.215
573.707  201.848  504.142  323.896
573.707  201.848  505.35  324.581
229.722  220.465  258.638  207.355
254.29  232.403  263.095  213.548
442.573  283.471  390.771  315.705
129.372  154.114  215.979  145.597
505.535  377.342  410.687  385.239
114.868  308.257  152.789  201.68
115.012  282.118  162.609  190.821
621.336  255.906  522.157  364.837
193.621  441.476  158.526  292.991
597.629  323.672  492.632  392.775
505.535  377.342  412.043  385.773
401.963  48.5387  546.96  285.051
164.689  87.229  254.436  132.365
643.043  400.897  508.483  454.083
685.886  127.109  596.54  327.953
359.572  535.712  248.635  412.369
364.128  567.598  237.774  431.831
491.61  217.329  441.323  298.597
480.2  327.57  399.804  349.204
646.973  336.953  525.512  418.583
553.633  365.061  447.493  395.626
284.396  434.267  227.141  324.647
615.483  329.361  504.425  402.103
648.098  320.665  528.804  414.111
529.762  578.28  366.021  516.714
497.175  547.724  352.68  479.269
512.358  407.322  406.663  402.733
505.535  377.342  411.881  384.816
529.059  377.968  424.796  391.865
181.643  588.176  86.5334  368.744
226.909  248.25  246.643  218.852
322.404  592.151  88.6725  369.258
196.678  420.214  168.244  282.239
618.036  359.603  499.713  419.571
312.734  592.096  121.806  392.751
364.229  588.643  231.769  444.952
616.881  215.917  527.355  341.466
196.678  420.214  169.823  282.726
631.091  400.016  499.866  447.213
372.644  551.169  246.402  428.75
110.397  396.039  115.531  236.371
164.689  87.229  254.436  132.365
