626
610.141  187.811  474.492  180.007
522.708  136.643  400.562  134.29
502.864  266.148  383.781  253.905
590.761  308.268  450.509  302.875
489.15  206.428  374.718  199.097
110.262  196.373  184.698  188.339
406.602  221.842  322.788  209.329
348.971  234.216  292.581  219.78
457.12  280.279  352.297  263.146
100.037  244.516  181.245  220.266
610.22  187.802  474.407  180.05
587.927  126.373  454.7  118.095
67.8542  215.167  168.662  200.346
578.259  171.295  445.804  163.847
576.211  308.017  438.102  300.594
177.056  352.53  208.146  297.596
508.744  267.769  386.49  255.123
547.574  224.967  419.85  217.156
231.899  289.531  232.719  256.436
454.749  196.442  350.7  191.993
496.349  255.664  380.778  244.31
406.505  222.963  322.788  209.329
587.976  157.388  453.495  149.903
596.229  124.235  461.528  115.572
24.5607  328.689  149.842  272.229
616.379  342.427  471.431  341.339
555.891  167.266  426.845  160.759
486.852  252.22  372.488  240.083
497.263  354.285  376.777  332.753
579.932  314.526  441.718  308.109
111.301  196.587  184.698  188.339
516.159  141.327  398.054  136.284
494.059  152.399  379.687  150.126
441.984  327.302  341.886  303.848
566.813  265.707  433.619  258.596
516.775  349.25  390.901  331.547
487.922  252.74  373.247  240.527
563.284  39.5419  435.471  35.4211
496.838  294.105  378.775  278.991
602.887  197.37  467.448  190.195
306.25  468.249  263.925  396.926
391.495  224.67  313.852  212.557
611.135  383.123  468.423  385.51
589.033  309.91  448.889  304.32
352.3  234.759  294.172  220.192
528.138  128.44  405.57  125.47
579.455  304.722  440.805  297.796
216.935  256.505  226.034  232.083
546.85  172.622  419.428  166.426
603.634  198.089  468.333  190.755
493.495  153.022  379.687  150.126
500.114  337.451  378.859  317.533
79.5094  353.677  171.264  290.741
528.793  275.251  402.91  264.493
556.113  167.233  426.845  160.759
563.729  377.449  426.784  367.991
576.159  159.499  443.463  152.401
481.292  255.172  369.73  242.679
527.616  274.594  401.711  263.591
620.358  83.8722  484.231  71.3468
579.457  170.269  446.488  163.089
617.057  342.027  471.571  340.861
615.326  362.3  469.766  361.755
578.362  306.356  440.053  299.457
453.731  208.691  352.852  199.367
502.533  266.061  383.686  253.726
486.071  251.659  371.655  239.54
517.082  181.016  393.739  176.625
588.791  309.901  448.721  304.056
372.764  218.263  300.302  203.746
500.547  104.823  384.595  108.407
619.085  192.298  482.5  184.627
390.824  224.501  313.28  211.979
573.45  159.804  441.878  152.686
602.973  115.173  467.497  106.072
196.633  354.383  216.501  300.449
508.496  136.47  391.076  134.125
472.308  255.542  363.987  242.949
316.383  365.856  270.745  320.8
556.587  167.641  427.452  161.29
580.536  303.798  441.961  296.88
496.777  119.648  382.289  120.879
505.094  120.711  388.829  120.089
513.814  132.238  394.938  130.024
505.232  269.749  387.155  258.123
527.139  96.1918  403.706  97.6459
79.9978  349.292  171.155  288.342
603.036  188.18  467.415  180.463
133.728  269.797  191.947  238.082
454.773  244.359  353.181  231.74
529.662  271.115  403.137  260.295
434.426  142.515  341.302  143.805
574.279  284.09  438.179  276.965
468.466  167.014  362.87  163.209
475.816  221.156  365.726  212.05
604.483  115.749  468.64  106.244
457.127  179.424  357.398  170.285
309.707  351.527  269.154  306.13
582.234  304.394  443.551  297.751
503.122  266.66  383.352  254.327
584.918  311.491  445.295  305.465
509.526  309.64  386.519  294.078
549.242  366.782  414.105  352.922
577.876  375.604  437.726  367.7
489.487  178.817  377.384  172.461
100.269  367.209  177.775  301.422
529.125  270.519  402.682  259.618
530.791  270.707  402.155  259.167
565.729  252.902  432.194  245.301
463.135  289.122  356.172  272.011
460.229  211.639  354.576  204.173
577.87  188.177  446.229  180.756
589.62  147.801  454.922  140.003
594.112  106.422  460.73  97.3488
595.682  119.273  461.051  110.39
540.69  277.985  412.319  268.671
466.143  204.675  360.734  196.692
610.174  200.45  474.212  193.138
475.356  219.415  365.737  210.451
618.617  165.16  481.41  156.157
605.803  215.937  470.127  209.383
82.0127  353.263  172.285  290.947
619.37  99.0444  483.252  87.2917
551.702  224.83  422.404  216.956
423.898  176.487  333.467  173.897
475.342  442.73  360.299  410.57
110.916  395.645  182.377  321.009
529.593  276.945  402.45  265.481
589.114  125.953  454.7  118.095
464.806  166.462  360.482  162.902
427.986  186.331  336.578  180.853
246.326  232.656  240.208  215.774
195.591  355.684  216.501  300.449
207.502  410.016  220.18  340.94
573.06  180.316  441.426  173.256
226.589  338  232.6  288.543
428.296  303.059  333.245  279.329
527.307  128.066  405.001  125.425
618.173  308.419  474.52  306.38
468.232  252.345  359.85  239.402
445.328  194.73  347.521  186.638
501.87  296.3  380.679  279.711
573.031  282.563  437.533  275.361
507.005  371.121  382.57  348.986
499.526  272.195  381.31  258.923
216.459  258.486  226.258  233.667
502.248  358.961  381.146  339.016
608.403  202.67  472.454  195.414
419.187  220.091  329.358  211.712
589.718  126.176  455.223  118.198
618.242  323.755  473.108  322.361
620.863  125.26  483.242  114.571
398.965  204.302  319.005  196.534
530.791  270.707  403.884  259.801
534.356  360.777  403.943  346.227
500.719  336.09  379.68  317.393
576.742  163.161  443.884  156.514
615.871  363.554  470.049  362.421
471.56  218.368  364.195  209.16
422.981  185.608  333.311  178.895
560.859  269.482  429.988  262.62
569.612  106.533  439.151  100.799
217.805  24.5304  232.14  66.9914
616.379  342.427  470.858  341.343
499.773  266.306  385.134  255.184
530.1  275.122  404.091  264.304
495.517  97.5835  382.188  99.4705
567.245  124.154  437.435  116.919
377.244  212.798  307.968  204.78
477.657  254.489  366.722  241.404
510.979  244.076  390.928  233.688
618.148  292.434  475.675  289.975
510.852  244.586  389.598  234.694
433.339  143.84  341.145  143.493
620.047  146.288  482.353  136.443
488.957  87.255  377.446  91.651
589.865  147.672  454.996  139.778
474.137  159.39  364.065  159.488
571.206  102.476  440.285  97.0065
513.713  159.192  394.906  154.725
515.75  92.1499  396.067  93.6879
512.65  270.438  389.13  258.249
589.806  148.343  455.019  140.387
552.375  283.45  418.877  273.15
437.608  140.948  342.662  142.568
587.343  125.381  452.775  117.818
588.122  310.47  447.661  304.864
504.155  266.042  383.781  253.905
487.259  212.579  373.613  204.013
570.973  398.119  432.495  389.647
511.356  270.987  389.13  258.249
427.121  440.632  330.378  398.98
497.946  254.125  381.115  242.261
447.81  155.995  348.272  158.245
70.5799  213.976  333.992  227.466
529.125  270.519  402.155  259.167
485.042  254.381  371.209  241.449
576.971  159.899  444.751  153.013
425.703  182.738  334.916  176.541
96.133  306.244  179.22  260.947
479.524  160.274  370.121  157.773
301.043  336.873  262.62  297.362
493.177  292.516  377.28  277.655
526.327  107.127  404.285  105.277
484.816  328.556  370.004  308.888
562.311  352.447  425.204  342.39
547.089  174.468  419.532  168.647
486.415  252.686  373.109  240.266
160.188  331.021  201.972  281.796
573.52  282.877  437.533  275.361
156.734  335.422  202.807  283.478
566.712  389.987  430.047  381.712
464.799  344.542  354.97  319.652
618.617  165.16  481.495  156.875
231.23  242.757  233.365  222.961
582.585  374.383  441.282  366.572
564.54  92.2247  435.178  86.1784
527.182  272.382  401.69  261.17
620.418  144.123  482.707  134.029
461.884  169.414  354.173  171.229
435.699  142.374  342.962  141.421
530.694  146.554  407.008  141.714
248.656  349.709  240.303  299.633
594.611  105.098  461.552  95.9823
216.767  255.943  226.034  232.083
478.419  252.906  368.479  241.311
117.926  257.098  186.36  228.609
235.061  337.411  235.49  289.018
553.532  167.439  425.042  161.575
620.418  144.123  482.688  134.004
517.213  290.96  392.992  278.42
587.841  310.275  447.629  303.688
210.886  265.981  222.962  239.17
431.845  234.996  336.965  223.211
530.457  287.094  404.43  275.778
514.668  356.2  388.837  337.95
451.262  238.066  350.577  226.501
511.801  272.169  388.599  259.992
452.64  174.673  351.693  169.994
540.007  279.503  405.961  266.347
530.109  271.65  403.137  260.295
564.848  253.16  432.194  245.301
615.871  363.554  470.085  363.619
620.437  143.99  482.724  133.821
430.694  234.391  335.517  222.853
431.211  145.813  339.461  147.558
544.481  360.943  410.695  347.226
603.996  115.746  468.944  106.642
618.209  324.673  472.998  323.566
195.804  298.361  215.766  261.791
496.037  354.369  377.133  333.701
526.921  127.915  405.001  125.425
151.429  312.98  197.359  269.508
373.142  234.03  304.419  220.817
584.461  322.946  445.375  316.485
471.826  214.627  363.374  205.279
602.887  197.37  467.307  190.78
615.326  362.3  469.474  362.14
496.682  254.136  381.115  242.261
441.072  206.526  344.284  198.793
619.746  114.237  482.122  104.513
448.251  317.984  346.902  300.429
404.595  218.696  321.251  235.852
604.658  311.925  462.681  309.325
570.081  111.23  443.598  101.553
581.318  80.3137  450.502  72.7185
406.728  222.945  322.379  208.295
429.59  439.652  332.077  397.91
231.23  242.757  234.609  221.91
569.228  40.7587  440.752  35.9759
589.829  194.555  454.915  186.818
509.526  309.64  386.251  294.423
544.154  287.959  414.555  277.587
101.925  245.648  181.573  221.683
418.576  153.382  331.871  154.023
414.662  213.157  328.085  199.599
504.851  360.279  381.764  340.404
416.131  139.162  329.442  142.275
457.091  165.307  354.762  161.459
496.594  256.429  381.695  244.588
116.046  395.064  184.081  321.737
574.057  282.839  438.015  275.172
545.143  174.797  418.192  169.144
228.265  327.668  230.092  283.202
436.997  232.283  339.98  221.299
200.088  292.01  217.899  257.524
430.667  300.276  335.454  276.319
596.468  157.133  461.198  148.38
618.601  256.296  478.017  252.05
496.326  172.743  381.284  168.958
615.822  362.264  470.049  362.421
614.983  362.858  470.085  363.619
425.703  182.738  334.901  175.66
493.444  239.051  379.668  227.939
475.577  160.011  368.639  156.388
510.799  311.924  387.331  297.002
519.403  265.608  396.084  253.951
513.814  356.367  387.561  337.178
502.962  295.503  380.679  279.711
332.869  431.038  278.19  374.401
172.892  342.849  206.968  291.125
513.02  132.034  394.938  130.024
544.266  286.938  413.754  276.015
171.862  298.536  207.314  258.81
510.797  309.706  386.519  294.078
617.252  341.389  471.571  340.861
537.195  302.567  407.474  291.642
138.893  216.873  195.63  203.199
509.998  245.714  389.598  234.694
391.495  224.67  314.588  212.478
446.885  281.188  345.425  264.024
108.56  396.888  181.091  322.49
619.085  192.298  482.339  184.044
609.55  120.926  474.858  109.083
207.591  258.705  221.32  234.057
614.36  320.828  469.923  317.624
506.57  110.415  390.553  110.96
589.806  148.343  454.922  140.003
245.261  234.013  240.208  215.774
553.514  262.991  423.356  254.172
532.199  88.3038  410.717  86.7017
436.997  232.283  340.06  221.388
245.465  233.572  241.173  215.545
502.962  295.503  380.197  279.374
596.953  123.35  463.286  114.761
563.729  377.449  425.582  367.485
586.759  280.772  450.001  276.393
512.876  163.296  394.055  159.27
514.427  24.3443  398.372  30.4678
457.542  176.046  359.569  166.035
468.466  167.014  363.538  163.299
590.761  308.268  450.881  302.179
259.656  244.052  243.595  225.043
418.431  193.709  331.257  186.76
168.478  302.973  207.032  262.895
519.223  265.688  396.084  253.951
551.495  369.055  416.112  356.993
402.956  243.288  319.607  227.677
106.13  249.534  182.525  222.902
352.578  243.974  296.561  227.741
514.075  158.246  394.906  154.725
548.979  179.201  421.931  173.094
523.43  138.696  400.799  137.671
339.036  239.272  285.706  223.951
460.137  293.088  354.427  273.848
491.739  352.966  372.722  331.939
519.389  262.901  394.64  250.703
410.832  208.305  325.917  202.349
216.843  255.68  225.814  232.259
492.527  180.065  380.606  173.997
418.075  426.109  325.682  383.929
587.884  278.693  449.958  272.245
587.77  289.177  449.545  284.704
571.14  294.754  434.056  287.742
265.639  292.119  249.01  258.729
442.89  271.164  342.956  254.949
211.759  270.589  223.514  242.85
435.699  142.374  341.58  141.319
545.3  174.343  418.257  169.01
406.94  243.854  321.308  227.956
578.658  187.706  445.6  181.454
618.103  249.218  478.851  244.484
533.727  149.988  408.263  145.171
618.103  249.218  478.797  244.464
519.403  265.608  395.933  253.662
603.719  310.183  461.239  307.358
549.497  358.495  415.059  346.908
619.84  167.173  482.701  157.432
389.705  224.121  313.329  211.304
493.336  262.958  373.812  247.809
464.003  216.927  359.366  208.257
227.59  429.555  229.018  357.656
482.78  328.806  367.051  308.829
557.714  385.56  420.593  374.456
405.962  193.568  323.899  186.931
507.813  109.189  390.905  111.043
595.232  197.837  460.192  189.721
503.655  364.754  383.63  346.384
501.439  450.836  379.533  425.244
526.168  344.98  397.584  330.157
304.47  244.665  267.537  225.207
549.813  376.344  413.571  362.43
77.5379  224.943  172.2  207.865
96.133  306.244  179.311  261.489
42.4488  46.8618  163.592  94.4551
82.0127  353.263  172.816  291.531
330.431  244.896  279.941  226.256
590.501  148.276  454.922  140.003
512.645  293.997  391.816  283.226
492.386  343.803  376.006  328.986
438.983  328.953  341.093  305.239
578.89  309.068  441.138  303.747
138.961  308.053  192.619  263.689
616.891  251.046  477.604  246.192
178.476  260.789  211.644  232.511
464.121  165.57  360.482  162.902
464.242  166.134  360.787  163.011
376.781  208.597  307.012  199.049
430.5  212.694  333.039  207.528
570.172  294.233  434.056  287.742
361.052  266.326  292.116  250.045
614.394  122.749  480.473  111.901
565.323  441.827  427.714  431.968
610.172  186.789  474.407  180.05
439.853  327.313  338.648  300.057
519.805  264.305  396.129  252.25
141.351  304.55  194.976  263.202
592.162  284.083  453.674  277.979
562.027  370.375  423.999  360.209
569.121  370.797  432.489  365.543
539.347  277.09  411.287  266.203
339.566  238.595  287.231  223.809
138.837  222.901  195.471  205.419
522.093  100.474  403.607  98.6602
505.106  362.373  381.484  342.605
467.421  167.517  363.538  163.299
553.828  382.77  418.721  372.986
253.873  294.009  246.963  260.117
474.359  161.01  367.07  159.21
138.246  265.535  195.549  234.228
88.0828  210.53  176.963  196.551
141.551  356.115  194.179  298.414
392.966  226.297  314.252  215.536
590.501  148.276  454.996  139.778
404.79  284.306  321.368  263.013
231.737  331.853  230.514  286.594
240.67  400.884  235.34  338.833
203.553  467.481  216.241  380.459
415.163  323.047  324.339  297.08
519.235  363.42  391.019  340.488
447.204  189.03  349.163  183.757
191.936  358.383  215.041  300.845
419.521  187.421  332.597  180.655
161.366  25.3004  207.751  72.3287
347.301  235.308  291.795  219.351
433.84  231.704  341.843  220.175
459.817  133.097  359.552  132.158
352.3  234.759  292.879  221.266
466.827  344.356  356.237  321.779
525.869  173.417  405.37  167.576
564.868  119.24  435.089  114.886
546.367  181.57  420.014  175.787
473.018  359.761  359.16  334.204
553.382  261.082  423.506  251.846
387.795  227.013  313.509  214.655
454.797  178.961  350.876  175.795
440.629  325.472  339.276  299.824
118.072  190.756  191.52  187.035
618.936  192.817  482.339  184.044
358.295  377.754  293.518  334.721
569.345  388.708  430.318  376.895
230.391  285.357  231.979  252.04
414.595  220.572  328.101  211.788
472.342  187.01  364.637  183.006
472.564  149.663  367.362  147.5
533.585  114.376  411.771  111.535
592.367  65.062  460.44  56.8101
449.909  284.619  348.822  265.839
417.233  425.783  325.682  383.929
459.354  208.638  356.287  198.128
404.388  204.225  320.455  196.755
458.853  160.758  357.501  158.862
405.652  241.239  320.349  226.828
149.602  404.217  197.24  331.697
499.954  269.723  383.267  259.407
578.599  187.079  446.116  181.134
138.76  272.7  194.396  241.735
65.9096  355.51  166.059  292.726
507.098  111.239  391.381  112.113
232.32  285.032  231.979  252.04
236.027  332.245  234.071  285.732
191.936  358.383  214.986  300.579
39.5475  299.726  155.723  252.869
340.614  252.532  287.363  234.64
519.375  442.152  392.99  420.947
158.056  333.199  201.205  281.018
240.155  450.046  233.669  375.992
587.927  126.373  452.775  117.818
454.797  178.961  350.579  175.895
532.268  86.0022  411.793  84.2353
341.272  236.702  286.519  222.616
567.494  39.9728  439.887  36.1979
477.363  220.328  367.987  212.308
323.416  420.31  274.328  364.737
529.087  186.986  406.599  181.445
320.435  420.836  273.117  363.909
428.137  439.725  332.077  397.91
582.597  377.96  442.087  369.611
558.855  280.346  426.998  270.902
307.222  239.118  267.913  223.437
598.735  441.814  456.417  441.554
504.568  359.985  381.075  340.986
369.994  252.225  299.327  237.161
550.586  387.452  413.748  374.044
562.707  279.638  429.935  270.442
239.084  451.103  233.669  375.992
528.397  155.711  405.942  152.428
570.687  251.866  251.862  214.493
467.984  165.874  366.075  159.335
420.277  219.633  330.607  206.497
488.004  239.421  378.599  227.355
429.683  305.309  333.396  284.529
349.184  249.834  289.775  230.269
441.981  325.821  339.943  301.047
466.055  343.237  354.97  319.652
157.853  465.69  196.981  373.068
481.172  222.923  372.185  214.502
549.894  179.308  423.893  173.416
141.395  215.725  196.88  203.388
155.701  333.897  202.807  283.478
545.469  295.808  413.026  286.48
286.548  282.876  258.889  255.798
574.269  357.474  432.845  349.124
509.935  179.925  394.287  173.86
258.024  467.969  239.813  388.266
415.601  274.684  324.18  249.819
525.32  173.12  405.37  167.576
234.408  403.601  233.862  339.25
266.746  238.973  251.535  222.529
369.409  243.441  302.265  229.014
432.977  226.702  337.996  217.712
539.189  301.845  410.281  289.076
547.671  282.826  419.862  276.828
414.761  422.708  324.687  381.296
300.872  338.682  263.591  295.286
402.267  157.862  319.885  164.585
357.934  376.261  293.518  334.721
550.272  441.101  416.698  427.543
572.854  132.549  442.215  127.346
561.029  296.692  428.064  286.81
550.681  357.87  414.268  345.695
155.049  426.687  200.021  347.219
442.188  233.526  344.506  223.388
193.871  407.623  215.992  338.367
528.793  275.251  404.266  263.27
505.003  273.842  383.538  258.217
529.087  186.986  406.216  182
485.011  263.848  371.59  252.728
324.674  419.762  275.515  364
585.965  281.777  454.034  280.377
410.664  307.616  325.018  285.011
533.727  149.988  407.216  144.859
464.813  203.726  360.114  197.662
429.039  180.304  334.273  178.56
24.9988  126.635  156.76  146.615
466.848  166.621  363.538  163.299
449.993  161.579  352.39  159.735
582.705  456.734  442.481  451.642
303.223  436.299  261.226  371.899
25.252  239.707  154.15  213.555
534.757  272.646  408.034  260.749
376.172  251.3  304.209  236.5
403.49  242.312  322.463  227.897
291.755  254.182  261.071  234.879
509.455  310.842  385.567  296.789
520.427  345.484  391.74  329.204
454.296  211.148  353.011  204.313
417.608  248.512  328.886  230.764
24.9319  165.48  156.031  170.99
321.481  419.567  274.098  363.338
422.849  239.924  332.854  228.636
330.813  244.318  280.26  224.763
363.744  208.433  301.324  198.796
493.575  111.509  382.442  113.699
447.16  329.237  343.875  309.079
569.391  365.286  430.255  358.424
596.978  122.3  461.809  111.244
556.156  187.754  429.864  181.788
131.353  218.915  192.918  205.911
394.352  315.449  312.49  279.467
437.695  216.349  344.401  201.229
109.402  323.854  183.005  275.311
593.477  199.311  458.908  189.923
510.11  359.032  389.762  341.907
487.461  32.9743  379.98  44.3973
520.812  466.735  394.248  444.653
572.18  465.366  434.064  457.569
488.212  173.042  378.365  168.791
522.472  141.897  398.242  138.118
231.715  323.336  233.625  282.495
210.857  268.833  223.514  242.85
312.799  239.348  272.093  224.595
528.717  159.134  408.166  154.822
525.323  359.878  399.796  343.136
430.621  329.051  336.279  299.333
57.3953  455.824  162.728  356.974
323.416  420.31  275.515  364
98.7276  247.241  179.367  224.328
515.201  296.611  391.46  279.847
564.232  442.141  428.311  432.017
28.7296  168.957  155.955  173.113
129.721  303.214  191.861  262.628
287.652  337.457  259.657  296.797
357.842  246.723  297.264  226.816
546.094  241.061  418.055  230.488
619.839  134.525  481.93  121.942
379.409  255.458  308.277  239.267
445.365  184.963  345.268  187.965
441.324  208.8  346.306  201.405
567.298  284.934  432.293  274.498
428.422  440.712  333.231  398.775
472.997  442.129  361.613  409.78
519.225  125.002  391.691  128.275
87.5373  406.777  170.996  324.642
501.76  339.004  382.633  318.536
158.741  329.599  201.644  277.283
241.409  237.983  244.063  217.117
49.4141  337.625  211.02  264.599
319.295  425.323  273.636  367.276
394.736  147.528  314.887  149.597
150.028  403.982  198.39  332.402
570.514  382.008  430.288  375.663
379.173  244.459  306.901  231.288
199.982  408.4  219.387  339.975
480.296  294.708  365.266  279.728
493.995  110.895  383.336  113.4
25.252  239.707  154.356  212.75
555.365  180.976  428.953  175.883
430.083  335.481  336.622  306.757
550.451  169.579  422.968  166.087
392.582  151.963  313.442  153.39
192.968  378.542  216.591  318.797
283.064  274.157  249.584  253.019
495.734  359.907  379.242  338.704
346.339  259.993  288.237  236.777
245.237  283.303  241.504  255.224
