319
0.8 0.8
520.815  184.326  552.776  234.254
522.122  185.305  553.898  235.812
365.773  262.401  323.307  241.271
522.452  299.769  387.852  350.781
279.216  346.62  206.774  275.268
461.32  95.6453  454.434  139.991
259.739  145.906  345.028  79.1177
561.423  317.177  399.498  385.029
261.157  258.473  350.96  167.188
81.1765  354.675  88.6044  205.901
288  142.622  355.823  91.6218
128.148  401.854  86.4459  259.235
409.158  324.965  292.075  316.586
379.122  273.154  321.607  257.443
349.037  399.714  203.656  346.906
557.063  327.524  387.451  391.037
436.792  140.283  518.456  144.453
495.876  317.16  351.44  352.027
234.081  342.34  168.235  256.63
454.056  402.573  262.431  396.593
273.702  352.981  194.136  279.077
528.569  310.249  382.975  362.574
264.653  136.238  351.712  72.2942
111.513  322.037  115.011  193.077
539.279  315.344  386.067  372.049
259.507  369.958  177.598  285.993
306.446  326.015  232.29  271.116
557.063  327.524  387.04  391.11
203.489  373.712  143.517  266.342
418.256  322.234  301.712  318.284
367.855  253.347  334.285  233.388
326.762  321.398  250.759  275.387
386.947  323.809  287.917  304.064
437.584  403.934  252.754  389.659
381.367  265.413  328.762  251.734
352.426  267.147  303.824  241.035
512.11  301.677  377.13  347.43
523.496  301.179  387.639  352.342
367.913  251.313  333.702  231.995
166.774  227.24  210.955  128.608
212.561  369.289  151.585  266.386
555.86  330.171  381.049  392.771
170.044  326.469  134.009  221.322
378.418  273.738  320.8  257.458
106.105  338.657  103.643  204.362
209.499  368.695  150.263  264.975
546.856  183.997  575.928  248.197
255.919  365.475  178.207  280.874
452.697  401.548  262.582  395.304
535.947  181.418  576.313  238.307
336.543  296.03  266.166  260.371
540.025  315.018  386.273  372.421
369.516  252.939  335.079  233.843
305.278  264.455  270.645  218.757
546.246  184.413  575.581  247.875
423.134  231.268  381.706  240.463
473.37  300.271  340.721  328.127
304.374  274.164  252.667  229.745
258.434  364.522  177.547  281.618
105.584  410.227  63.7478  258.647
362.184  258.469  321.5  236.81
346.169  399.202  201.407  345.219
539.007  294.11  405.047  354.68
557.44  328.922  384.029  392.222
380.182  267.295  299.665  258.149
387.131  270.595  331.138  258.649
409.158  324.965  291.672  316.433
291.076  343.8  217.281  277.938
484.455  310.499  346.567  341.1
530.829  279.18  405.246  338.118
336.97  296.251  266.166  260.371
494.085  307.165  356.815  342.976
557.471  320.278  391.952  385.837
325.545  326.136  248.841  278.203
210.695  373.65  147.908  269.399
124.456  293.602  139.807  173.357
557.899  319.528  393.502  384.901
274.585  362.989  192.165  286.755
530.257  278.936  405.246  338.118
128.148  401.854  86.7123  258.895
262.049  362.262  180.395  281.38
532.78  277.778  404.526  338.801
528.569  310.249  382.71  362.237
310.444  341.186  229.935  283.699
524.759  300.056  389.019  352.514
121.184  408.103  79.0823  261.727
275.163  356.329  193.438  281.815
156.842  385.016  112.455  257.271
369.058  252.005  336.093  232.481
328.278  327.492  250.261  280.974
139.358  393.97  97.1777  257.043
527.935  309.869  382.71  362.237
205.887  369.603  147.809  264.457
409.537  243.27  363.759  244.686
347.399  276.8  297.263  246.791
80.6156  355.247  89.2817  205.373
547.941  293.437  408.99  358.383
521.351  170.234  566.707  219.395
316.884  336.713  237.51  283.464
450.549  173.427  486.562  190.312
537.021  295.645  402.644  354.298
349.341  400.906  203.514  348.277
334.446  207.953  330.259  180.229
547.703  293.637  408.99  358.383
379.262  273.868  320.549  257.814
379.088  260.966  333.975  245.535
542.187  185.504  573.374  246.99
202.623  325.876  153.755  232.33
259.624  357.917  179.724  277.268
546.884  183.208  577.14  247.621
378.7  273.938  320.8  257.458
62.5729  342.646  91.6579  187.253
408.559  325.733  291.672  316.433
494.085  307.165  356.862  343.659
450.149  395.734  265.316  390.227
72.5122  331.87  98.465  184.369
130.22  399.781  97.8553  255.788
138.1  399.842  92.0768  262.044
336.771  295.403  266.166  260.371
328.706  409.775  182.167  345.389
517.478  305.92  378.269  352.963
131.398  399.715  89.3586  258.364
138.841  352.925  103.116  230.688
148.007  269.125  159.306  163.543
490.463  307.516  355.039  341.151
96.1967  281.051  140.591  148.875
480.393  309.302  342.147  339.148
523.18  299.86  387.852  350.781
491.538  303.564  357.753  339.533
272.548  332.634  203.715  263.426
473.525  300.565  340.721  328.127
556.669  328.607  387.04  391.11
500.858  319.798  355.143  355.927
450.128  395.496  265.678  390.098
157.455  251.815  203.611  143.353
510.183  301.657  375.362  345.876
67.2508  111.906  86.1962  46.409
107.079  337.474  105.137  204.073
517.122  305.891  378.522  352.658
210.74  378.399  148.667  272.583
115.588  395.555  77.2532  250.98
377.323  265.779  320.269  251.73
517.122  305.891  378.693  352.621
230.557  367.002  162.179  271.521
260.217  338.02  190.435  262.161
423.767  166.027  455.198  172.277
304.102  321.485  232.597  266.032
132.84  224.978  205.615  109.047
525.026  307.22  383.443  358.783
536.942  295.934  402.644  354.298
86.502  410.294  58.1108  251.693
416.018  279.728  339.053  281.3
407.056  383.04  249.285  361.11
324.038  398.154  196.754  333.59
542.922  161.603  598.316  222.233
528.444  310.013  382.792  361.669
379.583  273.678  321.607  257.443
481.495  294.725  353.097  326.754
520.269  291.106  390.239  342.141
315.083  337.182  236.514  283.257
516.693  298.053  382.929  346.004
528.643  280.766  402.304  337.919
282.9  102.127  417.859  33.6921
359.35  257.431  319.513  233.878
555.869  329.057  383.844  392.37
527.935  309.869  382.975  362.574
376.518  403.03  214.294  362.406
544.738  290.119  404.421  354.093
148.163  267.692  172.311  159.615
524.725  279.737  399.76  336.521
530.237  296.752  395.957  351.501
517.478  305.92  378.522  352.658
507.375  311.672  368.365  353.645
350.522  213.655  351.497  187.992
343.152  320.176  263.226  280.643
446.715  89.6927  587.747  88.6248
213.976  369.14  152.468  266.158
520.795  171.079  566.784  219.329
360.167  321.346  418.725  266.728
529.102  310.521  382.71  362.237
164.968  374.27  120.894  251.473
455.773  183.64  463.849  205.969
523.638  170.272  561.259  221.57
540.406  315.521  386.067  372.049
538.417  314.614  387.46  371.803
517.651  305.87  378.693  352.621
346.114  284.454  283.971  254.723
241.616  368.386  165.769  277.09
164.627  228.699  212.671  128.537
528.569  310.249  382.792  361.669
366.335  337.591  343.847  293.261
259.507  369.958  177.465  286.825
441.905  139.854  522.679  145.719
272.454  358.046  190.326  281.557
308.679  269.561  271.16  223.562
305.908  264.947  270.645  218.757
176.71  367.465  132.92  252.034
381.931  266.302  328.762  251.734
529.929  314.549  380.25  365.821
535.902  315.403  385.061  371.219
543.767  282.942  412.012  347.198
426.028  296.496  319.746  302.626
547.9  293.683  409.457  357.99
426.38  262.025  362.421  268.733
439.729  166.457  470.889  181.18
484.842  288.223  358.011  322.995
209.745  369.53  150.402  266.402
485.231  310.856  346.567  341.1
517.425  301.858  383.615  350.803
144.409  369.658  99.881  243.288
183.394  267.649  197.666  169.844
519.035  301.89  386.793  351.468
303.058  319.094  231.548  263.608
401.16  295.151  294.134  289.764
155.084  390.005  108.743  261.032
326.837  327.697  250.261  280.974
87.6942  394.256  75.1045  238.52
93.3214  317.975  98.6281  187.083
66.3994  323.689  100.323  175.867
414.462  322.011  299.442  317.43
517.378  306.328  378.522  352.658
528.803  283.453  401.223  339.84
533.485  314.422  381.856  367.477
272.128  355.514  191.154  279.418
449.469  252.863  415.162  268.794
502.912  127.498  597.351  161.012
112.093  337.674  104.392  205.44
86.502  410.294  59.5392  251.789
389.815  271.997  332.605  259.735
394.276  174.673  426.566  166.233
369.284  409.447  206.788  361.971
416.882  323.282  301.707  319.433
543.598  282.139  413.15  346.209
390.577  262.905  338.789  252.211
337.458  411.573  195.29  348.738
258.769  364.06  177.253  280.658
141.106  352.538  109.774  230.433
462.479  84.3634  613.452  88.9025
76.5312  371.321  77.3421  216.081
450.331  174.46  486.867  189.43
378.113  410.636  210.41  366.695
205.662  373.106  146.918  267.568
273.708  366.149  188.976  289.828
504.79  297.732  372.965  339.506
273.031  366.666  188.976  289.828
535.794  274.9  409.973  336.354
414.105  262.974  353.711  263.401
478.961  286.128  352.43  318.536
165.814  372.723  119.705  250.831
332.477  310.573  259.743  268.18
558.433  381.731  249.59  433.278
510.206  311.93  366.969  353.551
549.253  295.543  409.665  359.803
176.71  367.465  133.179  252.372
158.691  252.462  197.149  147.507
405.345  382.069  249.408  357.664
544.192  281.987  413.15  346.209
377.346  258.208  332.518  241.833
548.473  293.773  409.457  357.99
319.153  277.177  273.197  236.815
343.537  162.434  371.457  137.614
172.631  214.716  226.219  119.1
500.571  328.123  349.521  361.487
468.188  407.698  265.336  408.285
121.96  267.916  164.721  145.231
402.303  183.955  426.76  181.53
272.128  355.514  190.981  279.051
143.823  350.946  109.37  228.354
428.98  246.716  377.037  255.558
114.559  280.348  156.967  155.046
381.435  387.792  230.843  351.018
419.512  234.024  382.481  241.894
80.6829  337.174  100.352  189.431
102.98  326.49  115.79  189.539
403.288  140.189  450.512  137.129
437.462  397.298  257.128  383.437
275  356.034  193.022  280.381
380.119  264.602  328.203  248.847
424.494  102.764  536.657  95.9281
333.18  388.124  237.892  325.26
92.0842  328.169  107.57  187.29
273.447  365.536  188.976  289.828
58.1935  305.006  108.33  157.351
157.177  388.207  107.943  261.863
540.066  424.955  279.502  455.317
499.054  417.71  273.991  430.395
326.818  256.128  291.439  218.88
473.187  286.985  345.092  316.24
123.051  280.598  144.985  160.719
123.591  296.853  132.977  179.349
428.888  248.175  378.611  255.954
506.418  417.398  279.413  433.827
272.128  355.514  191.355  278.577
191.257  367.855  139.12  255.55
486.861  302.608  356.835  337.639
395.475  276.251  312.985  272.601
525.101  288.877  394.827  341.585
452.57  408.329  256.509  398.133
305.428  337.455  228.648  277.108
84.01  336.304  96.5895  191.43
438.018  398.428  257.095  384.079
456.231  170.6  487.869  193.048
363.932  393.744  213.121  351.389
152.505  361.019  110.255  238.29
135.036  279.157  161.485  164.85
482.067  417.539  265.403  422.433
519.403  282.686  392.979  333.624
433.474  222.252  396.795  235.033
190.553  368.327  139.447  255.193
553.505  329.455  382.996  392.743
355.838  382.505  226.065  334.285
229.062  381.824  155.809  284.282
358.32  308.344  276.724  281.293
100.773  303.873  130.459  168.227
359.602  377.982  221.78  338.013
272.433  356.438  191.899  278.835
122.697  411.687  77.8602  266.886
186.646  203.396  248.774  112.4
121.96  267.916  164.721  145.231
