379
9.41014 59.252 169.615
9.96389 59.5904 170.492
-66.1844 57.976 165.524
-66.2054 57.9019 165.546
-23.0963 57.5734 169.139
-5.7622 38.3514 168.545
-60.4652 54.8345 165.812
-0.15147 11.592 168.404
-55.8457 -7.03052 169.02
-55.8406 -7.05079 169.064
-43.7505 29.1146 167.352
-58.4904 36.5914 166.414
-62.7459 38.9094 165.945
-57.6509 -17.6588 170.104
-57.7641 34.174 167.073
-51.8292 -17.7922 175.35
27.2427 49.7677 169.368
-34.9813 50.5538 168.139
-70.9202 34.219 165.337
32.4375 3.84172 167.228
-5.19543 62.4045 169.741
-58.5231 9.84719 166.567
-70.8775 36.4329 165.458
-12.1546 13.2126 168.826
-53.2086 50.0922 166.32
-53.201 50.0235 166.486
-6.16793 26.9842 168.058
-13.1918 -3.87878 168.949
34.7459 16.0841 167.223
-11.439 38.1237 168.671
-40.7508 45.6521 167.425
31.9077 -6.9576 167.234
-9.26534 32.824 168.361
-58.4362 36.5612 166.265
-63.3438 59.4844 165.532
-55.8044 51.0191 166.185
-76.2528 43.2523 164.702
-76.279 43.1919 164.505
-56.8689 53.3842 166.188
-9.77259 32.5363 168.643
-21.8931 24.245 168.102
-64.2473 51.6153 165.585
-2.67457 30.0404 168.813
-72.6248 21.0425 165.828
0.718761 60.2513 169.575
-20.8585 -9.60677 168.173
9.90904 23.4775 168.083
31.8418 -5.97447 167.281
-50.7906 47.3427 166.385
-68.3099 -9.96732 168.614
-49.1986 46.6582 167.451
-66.0911 58.0088 165.362
-41.3332 51.6883 167.503
-60.5214 54.789 165.902
-36.3008 43.9434 167.568
-30.4973 49.2791 168.12
9.20806 -3.59813 168.096
21.1945 -4.40695 167.702
-0.866346 -3.6443 168.579
-0.542951 -3.86247 169.257
-49.5695 -9.37389 169.113
-36.0233 48.3165 168.666
-77.7861 38.9511 164.397
-48.9509 49.7102 166.853
-20.0941 43.972 168.651
-2.67457 30.0404 168.813
-64.9687 38.8099 165.501
-60.4607 -16.7247 169.742
-32.1495 77.3882 218.549
-62.8542 5.10536 167.124
-41.3337 -16.4834 170.73
-54.9271 -1.95705 168.378
-21.1603 42.3712 168.351
-44.0854 26.1181 167.197
-56.65 10.7347 167.257
27.4584 -5.70245 167.476
-42.7401 51.0974 167.432
-49.2809 -14.6666 169.843
-17.7887 43.8035 168.502
-38.508 32.1595 167.264
-11.7176 57.1346 169.529
-64.684 24.2348 166.123
-52.3222 53.4236 166.605
-39.8023 28.3549 167.759
-68.062 31.6594 164.708
-69.1104 34.2458 165.817
-23.7534 27.2265 168.176
-64.3563 14.2 166.61
-52.9398 37.6894 166.615
-53.2557 37.5374 166.892
-55.6709 -3.50634 168.204
21.5821 36.1484 168.541
2.07986 -9.27654 168.512
-33.6548 44.7147 168.704
22.8244 43.8686 168.996
-22.7841 -1.51473 168.836
-71.2684 -6.99456 168.243
-57.4703 -14.6223 169.493
-55.2596 46.6719 166.037
-49.2528 46.6078 167.554
-38.7444 32.1675 166.435
-49.2809 -14.6666 169.843
23.0587 43.8606 168.715
1.52281 9.98793 168.313
-34.2349 45.0163 168.281
-57.2541 -11.0787 169.204
13.2278 -11.4257 168.868
23.6175 43.5254 168.835
-57.1928 15.2772 166.761
23.4531 11.6753 168.11
4.09911 39.3605 168.66
3.78742 33.4232 168.627
3.65181 33.4119 168.38
-56.2584 5.69091 167.513
30.7185 32.52 167.859
-34.0142 46.8562 167.93
31.0577 -10.5625 167.23
-21.2482 28.4286 168.411
-24.573 5.26901 168.65
-13.3752 57.4545 169.066
-15.2795 47.7629 168.671
-46.7982 42.4647 167.064
-17.4831 31.6891 168.073
-62.5971 20.2401 166.318
-61.6437 56.5992 165.485
-59.2914 3.98731 167.437
-38.2263 -1.74245 167.858
29.4588 -14.7946 167.818
-4.72071 56.7022 168.98
-67.9097 51.6118 164.447
-41.8592 35.1266 167.34
-79.1628 3.97169 166.193
-79.1883 3.90751 166.116
-3.92969 7.54722 168.732
-42.6944 51.172 167.365
8.38385 53.9293 169.297
-66.1337 54.3129 165.808
-41.5916 35.0083 167.371
-79.5938 3.88072 167.121
-49.6583 -9.17784 169.491
-61.618 8.35524 166.997
-16.152 52.4151 168.785
-53.2372 50.2753 166.52
-53.2296 50.2061 166.684
-9.10686 44.0643 168.754
-70.9088 36.6234 165.631
0.691896 43.4048 169.523
33.4522 30.6068 167.866
20.4277 33.5118 168.392
5.40597 57.2596 169.532
-21.9295 24.1242 168.115
-4.44384 9.35551 167.932
-7.22798 -4.32971 169.017
-50.1534 56.6677 167.212
-42.8727 38.2893 167.106
-67.1732 57.0506 165.303
-6.78685 30.0489 168.434
-64.5881 48.1845 165.052
6.67728 51.9852 169.579
-45.988 17.8729 167.385
-65.7778 57.5434 165.328
1.93002 63.4543 169.841
-6.11769 43.4569 168.869
-48.703 -7.42392 169.123
-24.3866 30.8646 168.081
1.4371 20.4812 168.504
1.17786 20.2465 168.15
-42.8472 32.271 166.835
0.208715 42.4194 168.667
-43.6423 28.8801 166.802
-64.7122 54.553 165.498
-1.84102 41.6638 168.659
-21.8931 24.245 168.102
-75.5785 -0.321297 165.709
12.4144 61.8908 170.045
9.77742 35.2059 168.441
-55.7511 -7.22807 168.552
-55.7461 -7.24835 168.596
-60.5108 17.3036 167.835
-56.1726 -5.64271 168.429
-2.72989 7.60665 168.581
-25.6521 6.02998 169.691
-7.36301 31.0681 168.639
-16.7704 46.3505 168.654
4.80313 40.9921 171.073
-5.53635 -8.22599 168.917
-14.2746 -0.159653 168.934
-26.4996 14.0039 168.637
-5.49302 38.2145 168.632
-6.64482 40.7618 168.714
8.39425 15.2482 167.74
8.58295 -3.29354 168.32
-73.7353 1.71215 166.773
-42.834 -11.3229 169.32
-41.3713 52.0357 167.908
-9.36211 12.048 168.414
-4.99068 50.5503 169.168
4.7311 -8.03273 168.547
-76.4773 46.8924 163.827
-64.3039 13.2524 165.994
-1.39581 19.9559 168.173
-18.6256 36.4413 168.299
-6.67432 40.803 169.074
29.0357 -2.19156 167.522
9.30263 17.5977 168.392
-54.9285 46.3762 166.292
-59.5852 17.0483 166.726
-55.294 -16.3176 169.725
-3.35152 35.1209 168.39
-63.8797 -2.41093 167.723
6.85973 19.9997 168.104
-54.897 -10.8672 168.137
2.87002 40.7663 168.631
-22.7841 -1.51473 168.836
14.7582 14.6315 167.855
-65.3885 26.5892 166.236
-21.443 34.4156 167.838
-21.9332 24.1903 168.242
-69.4107 -1.07377 167.772
-42.4801 -0.65698 168.881
-58.6465 5.79001 167.799
2.61691 4.93792 168.099
-58.1078 1.48863 167.694
14.5043 26.229 168.273
5.38666 26.2825 168.182
-61.3467 37.8289 165.981
-60.5975 17.2544 168.019
-21.8213 -9.70965 169.476
-64.9455 -19.8817 170.165
29.9838 41.6052 168.634
-12.9662 23.7483 168.556
23.1695 7.07775 167.143
-52.4922 34.186 166.663
-15.8349 41.4142 168.159
-28.2111 -3.62942 169.235
-14.4078 53.7317 168.866
-5.78111 25.5963 167.565
0.65264 40.8217 168.512
6.08481 26.3545 168.126
-56.5433 34.3241 166.679
7.69234 24.4547 167.882
-1.40258 51.6922 169.024
8.26706 21.4712 167.854
-73.2027 36.0013 164.756
31.0508 43.538 168.93
32.6567 4.99207 167.409
-16.3017 13.1887 167.968
-16.1402 13.1005 168.381
27.8066 16.3036 167.364
-6.774 2.16351 168.514
-18.9331 -1.09916 168.906
-14.4104 -4.15333 169.058
-1.54837 5.21546 168.696
29.9789 20.6149 167.785
-56.1726 -5.64271 168.429
0.357411 40.5619 168.477
-17.3738 34.4097 168.305
16.3862 57.4211 170.349
-24.3337 -5.82274 169.247
-11.3134 22.1536 168.238
-4.60763 -2.02061 168.841
12.179 43.5871 168.752
27.825 51.9464 169.488
10.1029 39.926 168.626
-64.9323 54.748 166.059
-2.11823 13.743 168.073
13.2589 62.7989 171.275
2.41484 15.286 168.243
-54.0417 51.805 166.555
10.3626 59.6542 169.948
-53.1171 7.22864 167.71
-42.8202 11.1893 167.958
6.17536 -9.43353 168.811
-16.9178 -1.72559 168.893
6.9695 24.6595 168.754
12.3701 38.6611 168.776
-79.8917 -11.6067 168.234
-14.4267 53.672 168.873
3.09004 33.4287 168.441
15.261 -4.67122 168.037
-5.40242 51.1366 168.805
8.39702 -2.90165 167.297
13.5197 25.7628 168.002
-22.7958 3.51337 168.655
-22.9033 17.7458 168.382
-22.7665 17.8435 168.654
12.7586 24.1739 168.389
12.7794 24.1224 168.446
-29.1132 8.34139 168.365
-42.1539 11.2365 167.926
-12.7058 36.0158 168.373
34.6877 -3.67277 167.206
9.22161 31.8125 168.418
-18.3625 33.8181 168.266
-22.5588 -9.68823 169.523
-59.0924 7.91669 166.682
-10.1084 0.812885 168.734
-10.8947 17.1277 168.378
-16.8944 8.40383 168.447
11.2481 14.1116 167.843
-16.4291 13.8721 167.707
-18.5195 38.4005 168.157
24.8846 32.0037 168.605
-1.4462 22.4586 168.035
8.45744 -2.55277 168.157
13.8344 33.4284 168.423
-14.714 33.9483 167.631
14.3443 62.4184 171.758
-21.1458 5.44455 168.259
-21.1179 5.26505 168.442
29.0357 -2.19156 167.522
-52.5096 45.9182 165.484
-45.3597 54.4117 167.626
-5.27722 17.5588 168.031
-3.69728 33.3863 168.772
-55.7724 1.2764 168.055
-39.8139 1.26912 168.317
16.5997 -12.8769 168.123
-12.2142 22.9948 168.226
-9.96367 11.846 168.384
-17.6942 15.0934 168.341
29.008 25.6184 167.223
0.190925 33.2927 168.351
32.4715 5.19139 166.457
32.9613 5.1036 167.133
30.069 12.6599 167.459
-74.8428 57.1896 164.953
-16.0608 0.344042 168.998
-60.3564 -19.8752 170.064
29.8888 11.7558 167.117
-3.83944 -10.3814 168.853
-60.7847 -24.2605 171.448
-22.9179 2.82023 168.639
-17.7378 14.1944 168.342
13.8372 56.1901 170.141
-36.4253 33.4211 167.414
-27.0307 11.2515 168.411
16.8919 37.959 168.265
13.4006 47.0726 169.008
10.1336 58.7775 172.778
9.73525 58.6909 172.057
-63.7662 -2.63905 167.25
26.9291 43.6938 168.94
-23.1044 -4.07189 169.144
29.9148 20.4483 167.658
-52.1812 5.20817 168.062
-27.7856 1.82119 168.876
15.5964 56.7154 171.531
4.01101 1.43131 168.409
-48.0172 16.8615 166.877
2.90918 -1.54496 168.117
-49.1684 4.50637 169.12
-70.3583 -23.4774 170.389
-38.0701 46.2263 167.488
14.6022 62.9818 170.323
-39.8918 1.22291 168.581
16.8391 -7.36044 168.095
22.0224 13.1134 167.452
-63.0071 47.4627 165.599
-4.51924 -5.91384 168.909
12.2991 -1.61369 168.22
15.7884 23.2772 168.537
-38.3142 27.8861 167.62
10.472 24.953 168.07
-25.9686 12.4908 168.98
32.9613 5.1036 167.133
14.9957 35.7771 167.931
-9.24778 44.3836 168.64
-22.1069 23.1838 168.429
-5.25345 -5.90724 169.023
-54.4902 52.3487 166.44
-1.04182 -5.02399 168.782
-13.3379 19.8151 168.56
-22.8963 3.33141 168.974
-40.135 -7.17605 168.8
-54.5029 -9.40895 169.121
21.7626 8.21635 167.583
28.9996 27.0746 167.765
9.64746 23.7513 168.277
