1 800 600 0.8
1163  64  
1
1
144
80.0619  212.413  1.5885  0.326279  84  6  9  57  107  53  6  6  140  86  0  1  75  18  4  13  142  12  1  41  142  50  0  10  142  30  0  24  21  9  3  21  142  50  2  3  142  142  1  1  98  75  2  11  8  2  7  22  142  68  3  0  142  72  3  0  4  64  17  0  0  9  34  9
70.6044  214.95  1.6534  0.520251  1  1  64  42  120  0  17  59  156  22  0  23  82  29  0  16  0  44  93  3  140  52  28  15  156  41  0  10  64  91  0  0  3  95  98  0  78  109  21  1  156  34  0  11  101  25  3  7  0  64  74  0  37  82  37  0  156  19  0  19  110  1  1  28
108.432  215.644  1.67316  2.76244  3  2  25  16  24  22  19  59  26  69  46  57  57  97  16  7  13  6  14  14  110  132  17  24  85  132  25  12  45  109  38  17  25  4  60  68  132  26  15  83  77  41  113  80  63  12  44  57  48  7  85  47  132  15  22  132  83  7  41  132  109  45  10  16
479.89  218.127  1.61812  -0.908825  44  25  51  27  151  17  2  39  151  48  0  1  26  5  0  6  20  66  120  3  151  55  21  14  151  38  2  23  8  0  4  33  4  59  99  0  151  36  51  52  151  2  1  78  21  1  1  21  0  52  67  0  136  41  88  16  151  10  1  21  18  0  1  20
619.004  219.135  1.63171  -0.114126  56  130  18  0  160  73  0  12  160  32  0  5  45  9  0  0  14  76  13  1  160  46  1  51  160  12  0  42  57  8  0  0  12  79  6  0  115  122  1  2  160  66  0  4  46  5  0  0  21  6  1  16  137  19  0  10  160  27  0  0  18  3  0  0
476.489  220.358  1.62081  -0.856939  3  44  47  15  99  10  23  61  152  27  2  24  131  24  0  1  0  74  71  0  96  67  107  17  152  44  2  16  93  16  2  18  0  50  53  0  48  85  125  2  152  23  18  72  74  1  2  54  1  37  29  0  3  65  95  1  152  26  53  36  126  2  0  21
282.452  225.019  1.65869  -1.52249  6  0  86  108  142  14  20  86  102  18  32  19  61  4  30  4  25  1  77  118  142  15  7  38  103  15  58  54  101  18  26  16  56  16  90  42  142  16  10  33  117  26  41  55  110  62  4  4  65  40  31  15  142  37  6  11  142  41  10  11  59  17  3  1
287.87  226.112  1.58005  -1.38002  11  0  70  79  138  1  6  50  93  3  44  46  75  18  22  15  19  22  102  39  138  6  11  47  138  7  43  48  138  39  5  5  26  24  83  33  138  35  7  7  138  20  17  20  138  23  1  1  39  88  6  3  132  67  0  1  138  61  0  3  69  18  2  2
257.629  227.28  1.65762  -0.569185  28  0  1  119  71  0  0  149  103  7  21  128  15  30  57  15  42  39  0  62  59  63  13  87  149  27  2  46  67  57  52  1  66  149  0  4  30  149  43  2  149  102  22  21  84  6  30  31  7  73  5  0  0  61  56  0  40  37  89  22  86  3  33  37
257.629  227.28  1.65762  1.06266  37  52  11  14  55  45  3  67  4  27  38  88  7  25  39  86  9  24  119  94  24  2  55  146  110  23  24  146  47  92  17  25  0  0  146  64  51  12  94  56  146  30  3  36  70  40  0  2  0  2  131  24  21  0  70  35  146  0  8  81  95  3  0  16
442.061  229.181  1.61836  -0.120514  0  0  50  162  34  1  42  159  162  22  3  43  85  17  6  2  0  2  24  44  104  5  5  17  162  33  0  3  80  14  10  10  7  12  9  8  102  15  8  8  162  3  0  64  60  0  4  61  31  98  2  0  22  128  21  3  162  36  4  60  88  0  0  52
102.021  230.542  1.59861  -1.25735  17  0  32  128  128  1  6  103  128  0  3  67  10  0  21  109  52  64  13  43  128  31  5  39  91  4  51  128  55  2  14  122  110  80  20  0  108  68  27  66  32  54  43  128  63  41  3  93  116  20  5  0  13  65  11  1  26  84  0  9  8  75  7  19
270.941  230.409  1.64995  2.77315  132  7  1  55  132  3  0  62  49  0  2  57  11  2  1  28  110  97  25  31  132  18  4  64  71  28  66  64  61  4  15  102  16  132  105  2  132  132  18  5  93  63  87  6  44  50  66  29  22  53  25  33  51  115  11  13  47  33  24  12  4  35  132  14
324.131  231.47  1.64024  -2.21335  103  3  1  49  24  8  79  114  57  60  100  71  120  52  3  2  107  7  40  70  120  92  38  75  84  120  14  6  79  92  1  0  120  49  72  5  120  51  24  27  119  57  0  8  22  31  12  2  104  70  26  0  109  103  11  0  66  18  0  8  9  1  6  15
324.131  231.47  1.64024  -0.990041  49  54  83  52  124  3  4  77  92  9  0  19  5  16  6  3  16  78  124  14  124  51  37  37  115  7  0  74  21  1  8  43  6  12  98  81  84  36  59  124  98  19  1  124  90  1  0  66  18  4  25  124  43  58  20  116  86  101  1  82  91  16  0  32
266.572  232.79  1.63737  -0.871264  0  131  45  0  54  131  92  4  131  47  11  11  21  29  44  11  0  24  57  0  33  30  131  15  131  9  32  40  29  0  74  110  0  15  30  2  15  96  131  1  114  49  90  42  25  1  131  131  1  8  10  4  3  29  51  2  2  18  131  16  6  13  131  41
266.572  232.79  1.63737  1.81428  64  120  107  2  120  120  7  4  119  29  2  6  21  4  1  11  61  120  48  3  58  67  113  68  120  5  15  53  27  7  3  7  24  33  79  23  47  25  120  46  120  36  6  9  39  2  0  4  14  1  120  114  105  9  64  120  120  14  0  45  29  0  0  11
299.945  235.312  1.55677  -0.194039  90  0  1  95  123  0  0  80  103  0  1  57  5  0  5  35  123  12  8  17  123  42  4  32  123  19  11  59  4  11  35  84  123  57  30  0  123  123  4  0  111  123  11  3  4  123  50  12  84  123  25  0  123  89  0  0  27  41  1  0  1  28  10  0
444.065  235.587  1.63993  -0.455954  9  6  9  8  48  13  10  3  163  103  0  0  126  53  3  4  11  152  28  0  116  82  37  1  163  40  0  28  75  4  3  49  14  120  58  2  51  138  91  1  163  36  5  27  73  0  0  39  4  5  23  20  21  27  63  1  163  18  10  1  47  6  1  4
39.0156  236.227  1.66495  1.2259  0  0  57  31  18  0  58  37  182  15  5  11  91  17  6  8  0  0  95  22  61  0  86  40  182  47  3  11  67  63  19  2  0  0  101  24  76  0  95  34  182  15  4  27  83  64  13  1  0  18  72  12  40  14  90  19  182  3  8  85  109  8  9  41
352.118  236.026  1.63971  1.16766  0  0  73  34  2  0  77  51  101  47  29  29  137  82  0  0  0  0  104  52  38  3  90  73  148  81  10  10  96  51  0  0  0  28  148  49  69  11  44  55  148  7  1  47  88  9  0  7  0  58  146  2  25  26  68  9  148  3  0  41  122  2  0  16
358.056  235.846  1.66857  1.65018  0  4  96  15  13  11  126  8  145  17  13  2  104  6  0  3  0  0  96  47  33  1  129  36  145  22  7  8  94  9  0  3  0  2  101  16  48  5  133  14  145  9  9  35  80  10  0  11  0  13  99  8  12  1  110  39  145  0  12  115  122  0  0  83
293.537  236.88  1.57025  -0.0511785  22  26  9  98  73  3  2  124  89  0  0  77  89  0  0  59  18  104  59  1  74  29  38  19  124  28  1  24  119  44  2  30  40  88  74  0  48  87  123  1  124  59  1  1  94  96  0  0  16  109  31  0  12  124  76  0  124  124  2  0  57  28  0  0
368.346  237.754  1.6897  1.59836  0  2  148  18  96  1  63  23  152  2  0  31  32  6  2  9  0  20  152  2  94  14  110  9  152  5  1  31  66  4  0  21  0  3  152  25  90  19  110  11  152  31  1  1  60  6  1  6  0  0  94  35  120  9  54  23  152  29  0  1  24  4  0  5
372.944  237.603  1.65359  1.44053  0  0  112  43  27  4  105  38  149  76  7  2  41  127  2  0  0  1  149  32  78  2  93  28  149  16  1  9  63  17  3  4  0  4  149  7  94  8  108  3  149  16  0  9  67  3  0  18  0  0  103  32  98  26  57  8  149  45  0  0  34  8  1  3
33.0975  238.683  1.6669  1.02666  0  0  46  20  18  1  49  25  151  40  4  5  53  45  9  0  0  3  59  23  59  3  59  28  151  33  2  7  53  41  13  0  0  80  90  1  62  24  88  9  151  5  3  54  61  5  10  29  0  151  108  0  11  151  149  4  151  47  30  82  83  1  2  86
244.869  239  1.65164  0.819995  0  3  91  11  104  0  36  29  169  3  0  20  30  10  0  0  0  7  146  3  121  2  68  14  169  2  0  16  50  5  0  2  0  1  154  13  137  6  66  13  169  12  0  4  53  1  0  8  0  1  103  11  119  28  36  1  169  23  0  5  34  0  0  15
347.433  239.231  1.65227  0.983718  0  0  82  70  38  4  43  76  161  84  6  7  68  59  0  0  0  41  157  20  114  14  31  23  161  17  0  9  52  16  0  0  0  17  161  34  104  18  39  16  161  11  0  8  66  7  0  2  7  20  114  34  100  56  9  7  161  25  0  0  48  2  0  2
344.208  241.984  1.63251  1.06119  0  27  93  26  136  7  15  24  161  9  0  16  26  11  0  0  0  32  161  18  131  15  30  16  161  4  0  25  55  5  0  4  7  14  161  43  136  56  15  10  161  18  0  4  66  1  1  4  18  53  80  7  68  47  20  13  161  5  1  39  52  0  0  20
294.04  242.085  1.67623  0.204598  20  68  26  29  118  9  5  55  141  57  0  32  95  56  6  13  42  124  83  0  114  110  77  14  141  59  0  26  95  39  0  0  63  141  32  0  41  141  68  0  141  141  0  2  55  27  0  0  17  56  1  0  26  79  1  0  15  60  1  1  3  10  5  1
294.04  242.085  1.67623  1.53056  41  7  26  105  90  1  0  83  25  0  0  41  8  3  0  5  44  2  22  138  92  0  0  138  138  1  0  138  57  4  1  9  20  25  21  99  116  111  1  105  138  71  0  32  75  4  0  11  88  59  2  16  114  103  0  40  138  45  0  17  29  1  0  13
239.986  242.938  1.64737  0.930194  0  11  108  1  119  2  50  17  164  0  0  29  34  1  0  4  0  4  163  5  132  8  69  12  164  2  0  24  52  0  1  20  0  2  145  8  119  28  51  2  164  24  0  9  51  0  0  22  0  12  106  1  113  11  32  4  164  8  0  5  21  2  0  10
111.984  244.965  1.65335  0.182958  37  19  1  29  31  8  0  22  102  55  0  4  62  118  0  0  29  7  0  126  84  4  0  150  157  44  0  36  87  71  2  0  22  63  0  8  99  87  0  19  157  32  0  11  100  7  10  2  42  104  0  0  70  157  0  0  157  96  0  1  63  6  8  3
83.7236  209.358  2.13561  0.687292  21  34  36  43  141  50  6  9  117  76  42  5  0  98  97  0  47  71  9  24  141  66  0  6  141  21  13  28  2  35  103  10  139  1  11  118  141  19  0  39  104  13  4  41  1  3  46  16  141  19  17  39  141  43  0  25  54  64  8  3  0  12  61  9
403.915  209.662  2.05819  1.40771  133  68  23  85  133  4  8  133  13  28  130  33  1  79  128  0  44  133  69  22  133  78  12  71  82  20  22  29  10  116  67  0  26  23  11  82  133  36  4  31  88  6  1  20  39  16  25  11  26  68  24  11  133  56  2  6  41  37  6  4  49  25  7  4
106.808  212.176  2.09942  2.60333  2  0  7  13  29  40  11  16  27  120  11  18  35  103  11  3  7  4  48  40  120  31  12  60  77  77  47  59  73  47  15  21  30  2  93  70  120  9  6  120  120  19  15  120  120  82  3  8  65  8  81  35  102  118  0  26  120  120  0  8  120  71  4  4
421.567  212.471  2.20563  -2.05145  110  10  3  7  114  4  6  68  134  13  4  39  8  33  130  18  131  7  8  5  134  9  11  8  134  11  1  6  34  52  134  4  114  16  3  2  133  17  4  2  134  2  0  17  38  3  133  19  91  6  2  11  99  12  4  4  134  12  0  6  31  0  94  14
63.6254  213.521  2.02082  2.88466  8  0  93  110  9  0  132  132  102  1  11  58  40  9  1  3  5  0  132  132  80  0  67  132  132  7  1  22  65  11  0  2  7  28  132  70  132  45  10  20  132  15  0  14  64  2  0  23  3  85  49  3  68  92  2  0  98  21  0  13  54  0  0  25
24.4921  214.762  2.15489  -3.05377  13  105  8  0  177  68  11  4  191  6  0  12  22  1  2  2  4  20  30  4  152  22  21  8  191  2  0  30  43  2  2  3  4  18  12  6  98  19  11  8  191  3  0  32  67  6  0  4  14  4  5  72  51  1  12  68  191  0  0  45  83  4  0  4
151.66  214.551  2.11708  -0.353977  43  0  27  52  174  1  1  89  101  0  0  89  28  0  1  65  77  2  7  43  174  13  0  14  143  36  0  20  27  9  10  29  120  19  4  7  174  19  0  11  150  19  0  23  10  8  20  15  82  19  7  11  174  4  0  56  135  8  1  39  8  7  2  5
74.5657  216.283  2.13613  0.595514  36  0  29  87  150  8  0  53  150  17  0  20  23  2  11  18  37  27  69  30  150  26  2  36  150  85  0  7  15  26  22  8  12  118  71  0  150  61  3  13  150  32  3  21  5  29  67  1  2  85  61  0  133  68  12  10  150  3  1  56  24  14  38  16
414.786  217.318  2.27059  -2.17915  135  11  0  5  135  8  0  24  89  5  19  21  2  4  43  11  135  21  2  2  135  5  4  76  135  7  8  76  6  9  87  37  135  20  8  4  128  18  14  15  135  38  3  6  20  50  135  12  70  17  3  2  124  20  2  1  135  13  1  4  19  11  135  12
109.967  220.462  2.00257  -2.28582  15  48  50  4  125  39  18  75  125  21  0  85  80  3  0  102  29  34  35  15  125  60  70  16  125  52  21  23  44  26  53  101  16  19  27  20  101  18  53  32  125  30  19  125  19  29  125  125  9  20  30  6  10  14  24  10  28  16  67  125  23  9  80  125
440.108  221.649  2.20426  -1.97946  5  10  47  8  151  2  0  14  153  6  0  9  34  14  4  2  2  153  47  7  153  100  22  10  153  11  0  25  46  6  6  15  19  153  51  1  42  153  110  1  153  129  17  7  56  4  0  9  16  12  5  22  5  60  45  16  8  43  78  7  27  3  2  7
261.333  222.494  2.12889  -0.605558  60  0  1  132  37  3  46  102  27  3  33  91  32  0  0  53  74  20  0  132  132  24  17  117  43  88  68  18  66  40  9  34  42  132  20  10  132  104  17  20  69  51  42  41  15  48  49  52  2  84  44  0  63  53  71  21  55  4  102  82  55  2  59  132
622.672  222.348  2.11363  0.0659574  167  85  1  12  167  14  0  40  76  7  0  4  0  7  3  0  77  87  2  13  167  31  0  53  162  3  0  8  1  8  5  0  44  45  2  12  167  27  0  16  167  2  0  4  2  3  1  0  21  22  9  20  167  7  0  33  163  2  0  9  2  2  3  0
254.91  223.496  2.19288  -1.61352  46  57  45  25  132  2  0  64  132  2  0  52  40  1  6  23  10  132  132  0  132  54  46  16  132  16  4  30  52  2  10  47  4  55  132  20  106  132  79  4  127  98  47  31  78  0  16  49  32  29  61  24  73  68  14  27  13  32  92  13  69  18  15  3
483.471  223.191  1.90761  -1.06941  0  52  73  0  108  63  98  2  148  79  0  5  58  16  0  16  0  51  85  0  124  61  129  6  148  18  3  43  45  1  0  30  7  59  62  0  79  88  148  1  148  65  6  9  49  3  1  20  18  24  40  0  68  111  59  0  117  104  11  0  8  19  23  8
245.56  224.919  2.19535  -2.05367  75  16  77  9  136  0  0  31  120  18  0  8  44  29  0  0  41  60  136  4  136  8  1  37  136  9  0  21  58  19  4  1  14  66  136  2  136  46  13  2  136  43  0  5  64  4  6  11  10  86  123  12  129  136  14  3  115  37  3  29  33  2  4  16
546.638  224.697  2.13628  1.19716  13  27  79  5  138  79  14  6  111  138  0  0  46  87  5  1  15  59  64  0  138  87  18  12  138  99  8  32  5  33  52  21  6  54  54  0  138  29  28  72  138  10  5  131  9  9  40  26  2  73  45  0  83  28  85  20  138  18  3  50  9  11  12  22
24.8466  227.019  2.16552  -2.96025  18  22  100  100  171  22  10  22  171  0  0  30  5  0  5  3  23  103  6  5  171  60  0  13  171  1  0  45  20  0  2  7  22  112  1  0  115  87  7  4  171  6  0  31  42  1  1  4  9  25  10  1  34  16  19  4  171  2  0  34  61  0  0  8
410.431  226.27  2.1873  -2.31238  61  17  0  1  140  54  0  0  140  40  0  0  127  14  1  8  130  29  0  1  140  31  0  3  140  37  0  5  81  14  19  9  140  29  0  2  140  34  1  7  140  2  0  65  73  2  18  39  140  42  0  0  59  19  14  9  140  21  4  28  93  27  15  11
445.994  226.595  2.11946  -0.0654442  1  1  49  117  106  5  16  124  85  57  3  7  4  43  11  2  18  0  59  150  150  13  9  69  150  22  17  5  1  6  28  4  29  8  11  14  150  7  0  43  150  3  11  70  13  3  16  19  27  104  5  1  150  72  7  41  150  2  0  80  26  0  0  26
105.535  226.913  2.17146  -2.64706  1  120  48  1  11  120  72  4  101  120  30  11  120  73  0  52  8  19  59  9  63  55  86  15  120  120  3  40  120  120  0  10  30  8  27  9  64  45  94  14  120  72  10  21  120  12  4  70  8  11  28  8  84  25  29  25  120  59  33  32  51  12  52  58
275.076  227.625  2.16584  -1.55451  0  4  72  10  58  42  47  22  51  42  21  27  12  22  62  5  1  6  86  37  30  20  78  130  118  6  20  130  45  12  48  23  0  0  108  130  77  1  119  130  130  23  15  52  77  10  32  18  0  17  117  68  130  11  76  62  130  11  6  38  88  38  7  16
275.076  227.625  2.16584  2.81735  67  20  25  73  132  6  2  85  132  3  0  52  16  0  1  33  20  132  77  11  132  132  29  43  132  20  11  59  39  13  29  75  44  121  48  7  40  132  78  11  132  129  16  2  28  55  76  10  10  65  48  5  24  57  22  26  33  38  10  52  15  15  56  39
422.483  229.161  2.13465  -2.05274  5  2  7  19  149  10  0  11  160  10  0  15  160  1  0  58  26  0  10  56  160  2  0  35  160  17  3  11  87  9  13  53  31  9  24  21  160  9  0  18  160  16  5  5  63  7  18  8  11  10  28  10  160  3  0  8  160  16  1  2  46  17  5  2
283.967  229.504  2.17192  -1.54527  0  1  51  54  8  2  83  119  116  7  16  92  46  4  23  15  0  7  91  123  45  2  107  124  124  9  9  43  69  15  21  27  0  20  124  64  84  26  97  38  124  26  2  18  112  39  2  10  1  97  78  37  69  115  12  7  124  72  0  0  77  30  2  0
346.052  230.801  2.15431  -2.24034  0  0  143  27  49  17  102  43  143  64  2  9  62  64  4  0  0  1  143  27  112  21  100  21  143  26  0  28  72  15  0  6  9  17  143  86  87  116  36  6  143  77  0  8  67  13  0  6  33  59  27  22  79  85  0  0  110  66  0  0  17  15  5  1
400.237  229.939  2.22572  -2.05342  61  0  5  95  127  8  7  25  144  22  0  2  50  6  12  18  144  6  0  63  144  9  0  14  144  3  0  20  30  0  27  53  144  12  0  6  144  10  0  10  144  9  3  10  18  3  50  23  144  6  0  7  144  2  0  31  144  1  2  59  16  3  30  18
329.211  231.541  1.9583  -2.02063  120  1  2  61  67  5  25  115  89  104  37  28  93  78  0  0  132  10  8  52  134  44  23  33  134  49  1  24  69  29  3  5  134  23  17  53  134  103  9  4  134  84  1  3  38  3  1  20  134  22  6  25  134  22  0  26  55  13  0  9  10  0  1  10
314.332  232.25  2.06825  -1.79032  0  5  45  12  17  28  138  59  123  55  18  32  51  25  0  1  3  0  73  75  61  1  138  78  138  9  19  29  58  14  1  3  52  0  53  131  81  54  138  58  138  78  7  6  44  15  3  5  72  3  19  106  138  54  22  56  134  60  0  11  11  16  10  2
537.726  232.11  2.10438  0.785396  1  44  65  0  134  33  40  18  134  26  3  64  7  11  33  38  3  24  134  15  134  43  57  19  134  66  7  23  5  10  30  19  5  7  134  19  134  5  58  64  132  9  8  101  6  4  13  33  1  16  134  8  134  12  67  38  121  1  0  79  28  0  7  48
24.9789  233.825  2.15871  -2.94029  1  4  154  86  154  3  83  65  154  0  0  31  3  0  4  3  10  19  110  114  154  26  16  22  154  0  0  38  14  0  3  5  15  78  6  6  142  61  0  6  154  3  0  39  36  0  1  9  15  66  0  0  37  62  5  1  154  7  0  20  52  0  0  6
412.51  234.741  2.12551  -2.0659  19  19  1  11  96  9  0  18  159  23  0  13  159  7  0  3  6  19  6  2  130  11  1  7  159  11  0  22  159  7  0  22  6  1  13  36  141  9  0  20  159  16  0  12  159  4  0  60  19  1  11  42  139  1  0  27  159  13  1  7  53  9  13  24
51.6054  236.945  2.04241  1.27884  3  45  28  4  24  45  55  5  21  93  80  10  58  38  56  54  1  2  77  28  144  37  35  22  88  144  100  0  43  144  46  1  4  0  94  48  144  7  21  33  144  63  16  12  36  91  18  53  11  0  83  31  144  21  13  19  134  62  23  4  6  35  67  32
316.419  236.942  2.0161  1.63028  0  42  108  8  20  73  100  20  23  123  60  1  8  118  44  3  0  4  123  41  123  24  106  52  95  122  26  1  24  123  22  0  0  32  123  5  123  36  114  10  123  33  0  3  39  53  0  1  0  14  86  2  86  59  85  4  123  14  0  12  23  2  0  10
335.832  237.554  2.12159  -1.9331  1  16  91  32  65  5  14  43  78  5  11  68  87  33  8  22  3  66  142  15  60  10  44  67  142  34  9  33  122  51  4  10  0  30  142  7  101  15  110  40  142  31  0  19  85  31  0  4  0  37  142  0  56  25  123  18  142  7  0  68  85  1  0  27
303.032  238.714  2.24161  0.715201  3  0  12  69  2  6  75  58  49  79  75  37  49  86  15  3  38  0  5  135  133  30  25  119  95  114  9  2  17  64  9  0  93  34  6  134  135  18  0  93  126  10  0  11  20  12  1  3  56  135  14  8  135  135  2  28  94  33  1  5  7  2  2  6
401.508  239.614  2.18713  -2.23825  91  0  0  104  105  0  0  122  44  0  4  68  52  8  5  71  53  1  0  51  132  0  0  132  132  4  6  112  132  37  2  9  18  22  2  7  132  23  0  19  132  47  0  16  132  28  0  0  4  8  3  3  132  23  0  1  132  26  0  3  132  24  0  1
298.5  239.758  2.0997  0.426595  30  0  5  135  80  0  3  135  38  35  40  53  25  102  21  15  61  35  10  109  135  23  0  79  135  65  1  13  20  64  0  0  38  135  48  4  135  135  13  29  135  40  0  7  21  9  0  1  51  135  7  0  71  135  4  0  43  49  2  0  6  3  2  2
352.42  240.235  2.13478  1.13038  0  0  79  52  38  17  61  61  144  103  6  7  72  37  0  0  2  0  117  73  144  40  34  42  144  85  0  1  19  14  0  1  4  40  144  24  144  8  18  40  144  10  0  20  6  16  1  1  3  16  144  19  144  17  22  13  144  1  0  16  8  1  1  4
280.859  241.007  1.85034  2.73374  110  0  3  132  39  0  1  123  19  1  3  50  4  8  4  2  132  0  8  105  90  3  7  132  132  6  0  101  31  1  0  10  101  5  11  95  132  10  3  89  132  16  0  30  35  0  1  23  25  122  48  20  132  39  4  40  132  2  0  53  34  1  5  51
436.742  240.826  2.17483  0.67046  4  3  98  38  112  21  2  123  132  36  1  132  77  6  0  132  12  6  53  20  132  94  2  9  129  132  8  13  29  66  16  49  20  35  45  1  132  38  2  33  132  25  25  44  1  16  31  16  19  64  7  1  123  113  0  9  86  37  11  21  4  19  27  31
89.9549  241.268  2.12382  -2.68583  17  1  52  108  79  5  3  69  143  24  0  25  107  7  18  8  49  2  19  46  143  8  0  27  143  46  0  2  113  14  9  9  30  24  9  43  143  6  1  57  143  19  2  50  82  3  2  56  7  76  45  3  143  76  10  27  143  20  0  94  104  7  1  48
328.54  241.799  1.99373  -2.42952  0  0  122  75  49  0  73  64  122  3  0  101  55  0  4  59  2  12  122  76  54  8  37  44  122  8  0  40  55  6  24  94  5  5  122  66  93  23  11  65  122  34  15  25  93  61  12  33  19  13  103  65  122  87  4  29  107  100  21  0  104  60  4  0
374.787  241.495  2.14322  1.49154  1  7  147  22  87  91  48  4  43  147  1  0  1  147  6  0  14  0  147  41  147  36  20  14  109  94  2  3  0  82  6  0  19  5  147  8  147  10  17  13  131  5  0  18  3  6  3  8  26  6  93  22  147  39  8  1  75  9  0  5  3  2  1  11
158.444  242.17  2.12713  1.2026  2  0  53  134  52  1  35  134  57  2  7  39  1  0  61  19  17  0  68  134  134  8  7  78  99  17  18  8  0  0  89  18  47  29  11  31  134  49  0  10  97  7  46  14  0  0  133  58  78  134  1  0  130  109  1  1  32  7  95  32  0  0  126  70
287.419  243.684  2.13701  1.6605  35  0  20  133  127  2  0  133  125  1  0  42  3  3  6  1  56  40  33  93  133  105  0  67  133  17  0  25  13  1  1  21  133  55  16  15  133  63  0  48  133  8  0  26  9  0  7  28  100  110  5  0  102  133  0  2  78  39  0  2  2  2  17  3
500.61  242.914  2.07801  -1.50901  137  137  1  0  137  75  0  8  103  12  1  27  32  62  26  5  49  110  34  6  53  17  40  86  137  15  2  63  92  35  0  19  14  0  74  43  92  5  96  80  137  13  2  52  83  0  0  58  2  2  85  63  88  15  42  53  137  3  0  65  87  0  0  47
244.76  243.747  2.11982  0.818306  10  2  101  14  167  0  10  28  135  11  0  3  8  11  0  0  13  2  157  11  167  5  19  11  167  3  0  6  9  3  3  10  21  7  137  12  167  36  12  2  167  4  0  21  7  0  3  16  36  13  80  2  167  33  3  0  75  4  0  17  9  0  1  26
453.668  243.822  1.8964  -0.731495  2  25  68  12  134  94  52  0  134  37  0  13  42  1  1  26  13  2  44  25  134  47  30  12  134  40  0  2  77  4  0  3  10  8  60  69  134  6  18  114  134  9  0  62  64  4  0  16  1  50  85  9  130  15  66  93  134  0  0  134  83  0  0  64
593.508  244.149  1.9045  -1.35513  0  12  125  0  31  19  144  3  144  17  31  9  19  36  42  0  0  8  144  5  48  11  144  7  144  15  37  12  30  20  34  3  0  1  135  35  42  15  144  15  144  28  27  8  38  14  16  3  0  8  126  17  39  5  144  26  144  15  15  4  22  5  20  4
593.508  244.149  1.9045  1.79404  19  4  22  5  14  4  142  16  142  23  41  6  126  17  0  7  16  3  38  14  25  9  142  25  142  13  48  16  141  33  0  0  33  2  29  22  34  12  142  16  142  6  56  13  142  3  0  9  41  0  18  38  31  11  142  16  142  4  38  19  133  0  0  14
25.037  244.383  2.1411  -3.10339  13  36  23  1  66  3  88  32  153  0  2  22  9  2  1  0  4  17  85  44  116  2  153  102  153  0  4  34  18  0  2  4  2  3  116  153  153  24  79  68  153  10  0  6  23  0  3  3  4  40  18  29  124  40  1  2  153  5  0  3  20  0  1  2
116.376  245.411  2.13036  0.271632  36  3  3  10  71  47  2  2  71  142  0  0  27  99  6  0  44  2  0  104  142  37  0  51  139  109  8  1  2  42  75  3  51  63  0  34  142  49  0  28  142  12  16  6  0  14  122  1  63  125  0  0  142  117  0  1  100  11  4  11  1  7  93  10
284.208  245.675  2.12232  1.50854  44  41  14  124  139  83  0  109  139  15  0  19  6  2  6  4  139  89  3  18  139  96  0  28  139  11  0  19  16  0  1  32  114  139  0  5  139  139  0  11  93  16  3  10  4  0  17  38  77  90  0  1  40  76  0  2  12  10  10  2  0  0  31  8
509.731  245.601  2.14543  -1.78111  94  36  8  13  6  4  73  70  117  22  25  86  127  41  0  15  23  5  61  91  41  5  95  127  127  42  11  40  127  11  0  40  6  56  91  54  55  127  25  31  127  29  1  28  127  0  0  33  29  96  9  1  8  127  33  0  102  24  26  7  111  0  0  19
292.965  246.692  2.09943  1.57255  86  2  6  121  62  0  0  99  23  4  1  14  0  3  7  2  67  10  9  147  147  20  0  147  139  4  2  22  1  4  11  1  133  106  4  44  147  113  0  25  127  7  0  25  10  2  2  20  114  76  0  16  147  41  0  25  66  3  1  15  5  0  7  39
323.225  246.402  2.13587  -3.03602  4  0  52  127  54  0  71  131  131  0  0  88  29  1  4  7  22  0  83  131  110  7  54  88  131  5  0  53  62  0  2  27  32  18  27  49  131  74  4  14  131  52  0  24  58  1  0  59  81  96  7  17  95  62  11  20  70  28  12  96  12  14  9  131
429.292  209.98  2.28317  -1.98311  122  1  1  3  127  3  1  5  135  2  1  17  27  25  135  7  135  9  0  5  129  12  0  3  135  1  0  24  44  3  135  17  135  11  0  15  135  7  0  8  135  11  0  5  42  1  130  13  45  40  9  1  110  1  0  10  135  1  0  17  27  5  82  6
255.893  225.157  2.40397  -1.55339  40  77  59  29  130  7  2  86  130  0  0  68  39  0  4  25  4  130  130  0  123  101  70  14  130  19  0  38  59  0  1  55  1  43  130  12  72  130  98  3  117  115  37  14  70  3  15  40  7  10  82  15  66  44  14  43  20  28  60  21  51  23  20  1
95.9753  234.729  2.39971  -2.85694  4  12  35  61  82  4  3  40  137  35  0  7  137  33  0  2  0  98  50  3  103  73  32  13  137  28  0  41  136  6  0  59  19  37  52  0  88  137  13  1  137  137  0  16  137  48  0  22  34  22  28  2  137  46  0  4  104  69  0  8  56  46  1  1
389.728  236.047  2.36578  -1.91287  32  0  1  134  7  0  93  134  59  35  81  31  96  57  0  0  27  0  1  134  48  0  21  134  134  39  6  18  88  41  6  3  55  0  1  134  131  0  3  64  134  3  0  14  65  1  14  33  87  0  0  80  134  0  0  39  134  0  0  28  37  0  18  34
60.1484  243.728  2.5367  2.79096  37  47  20  22  4  21  58  75  62  13  7  32  30  17  11  14  4  6  138  117  54  10  104  138  138  10  8  94  32  15  73  39  2  5  138  55  101  94  54  30  138  59  3  42  44  30  24  45  13  9  106  50  63  36  7  26  48  16  10  138  24  3  6  138
287.618  244.553  2.23927  1.69758  31  0  23  138  113  0  0  138  106  0  0  47  4  3  5  1  42  16  48  118  138  57  0  89  138  10  0  31  15  1  1  22  121  40  40  7  138  55  0  22  138  9  0  27  12  0  6  31  94  102  18  0  127  133  0  1  91  43  0  2  5  1  18  3
442.349  234.607  3.24759  -0.221105  0  0  27  144  12  0  36  144  144  14  7  109  37  48  6  2  1  5  48  144  81  30  23  131  144  25  1  41  61  13  12  14  29  93  21  5  78  144  6  1  144  47  3  37  92  1  0  39  42  64  0  9  22  38  12  12  72  11  16  49  73  0  0  100
294.238  241.146  3.23819  0.616223  0  0  29  138  21  0  10  138  42  18  30  83  24  75  18  9  1  30  104  138  104  57  14  138  138  32  0  52  57  44  3  0  7  138  62  7  101  138  6  2  138  138  0  2  33  11  1  4  5  85  13  0  41  93  4  5  42  25  1  5  2  2  9  4
294.238  241.146  3.23819  1.67026  6  16  71  6  99  15  15  33  43  9  0  26  2  3  5  10  0  1  132  92  75  1  47  135  135  1  0  135  26  3  5  8  1  6  135  58  135  34  73  82  135  23  0  34  46  0  1  31  3  42  135  2  119  126  36  0  135  67  0  2  18  3  13  12
111.318  247.992  3.27269  0.445575  5  0  73  43  44  6  4  18  102  85  0  1  36  83  15  3  12  8  78  81  119  7  1  96  131  42  3  34  30  40  113  7  10  46  104  6  131  117  3  16  131  65  1  14  40  10  131  18  27  110  34  0  108  127  0  0  96  37  2  5  12  0  112  35
68.4389  210.359  4.58523  0.641659  6  3  20  8  13  6  62  13  139  52  2  7  90  103  63  0  16  29  19  13  18  33  123  36  139  30  18  56  135  31  67  8  13  139  8  0  8  139  116  2  139  122  41  18  138  30  69  25  3  42  19  8  3  41  47  24  57  53  33  22  105  7  20  62
417.853  218.886  4.10124  -2.16627  68  7  1  8  133  10  0  8  122  3  6  26  4  0  19  78  111  4  9  12  133  7  0  16  128  3  35  39  5  0  83  59  133  26  16  2  133  21  0  2  133  15  79  8  22  2  133  61  60  103  22  0  133  25  0  0  102  8  90  13  21  1  133  48
76.7341  221.026  4.19286  0.655347  14  4  35  15  136  32  0  17  104  68  58  2  1  53  79  2  18  49  95  24  136  32  14  38  136  26  69  9  0  16  136  30  4  132  70  0  136  99  26  17  136  25  53  46  1  52  136  5  3  17  29  20  33  38  26  17  114  7  12  69  21  20  108  10
437.645  226.881  4.44252  -1.95475  16  56  41  1  67  9  34  24  144  0  0  39  130  3  23  39  15  30  76  5  75  59  104  11  144  14  0  16  144  3  19  14  42  135  18  3  27  144  51  0  144  143  18  2  144  4  10  8  44  76  6  0  6  52  26  10  27  48  37  5  119  36  2  1
625.475  225.318  4.36793  0.0807126  74  162  50  1  162  142  0  0  106  24  0  0  0  1  0  0  46  162  19  0  162  68  0  8  112  9  0  3  0  1  0  0  12  51  21  3  162  20  3  8  136  3  0  3  0  1  0  0  7  19  10  38  162  10  3  41  131  4  0  7  0  2  0  0
550.572  227.569  4.09455  1.6771  31  17  12  7  128  58  2  7  119  76  27  0  67  21  56  48  45  46  12  0  128  61  2  12  110  60  41  17  6  57  128  16  23  128  13  0  128  93  15  48  112  8  13  128  6  24  66  65  16  128  27  0  5  128  70  3  25  65  57  71  27  7  19  98
449.47  228.547  3.99607  -0.289629  0  0  19  138  22  1  14  138  42  20  2  95  74  4  0  76  12  4  31  138  138  17  5  138  122  50  9  8  44  25  11  17  41  113  9  23  138  68  0  20  138  10  3  32  35  66  5  5  26  55  3  16  83  22  9  43  117  0  0  117  73  6  0  85
315.882  233.095  3.78346  -1.59661  0  52  128  1  30  128  128  3  128  128  3  0  50  23  6  4  0  23  58  43  29  68  128  34  128  40  8  12  14  4  20  2  9  0  55  128  71  3  60  128  128  16  4  10  10  12  13  0  12  32  120  61  128  2  9  91  128  1  0  24  11  2  2  12
347.688  234.293  4.36663  -1.9423  0  19  137  8  65  10  115  64  137  22  2  30  46  16  4  1  3  23  137  3  115  30  137  15  137  14  1  20  38  2  1  11  0  3  137  36  91  54  137  27  137  51  2  6  24  3  2  12  8  4  137  62  105  65  48  15  94  34  1  3  5  4  8  5
373.895  235.435  4.05954  -1.37631  0  47  89  1  48  71  138  5  138  9  4  18  29  3  1  12  1  13  69  1  40  34  138  1  138  12  14  6  34  4  1  15  3  4  46  107  28  19  138  97  138  10  23  38  22  4  28  30  0  0  39  138  19  0  54  138  138  0  5  138  33  0  37  61
373.895  235.435  4.05954  1.58286  56  58  5  0  6  86  141  1  18  141  87  0  10  141  4  0  14  27  12  6  11  14  141  28  141  106  59  9  49  141  2  1  0  14  45  4  16  2  141  31  141  8  38  12  71  7  2  6  2  5  53  4  16  8  141  24  141  4  22  52  59  3  2  13
96.9477  237.175  4.36608  -2.74595  6  4  96  56  19  0  69  134  134  8  6  64  51  17  84  12  3  15  134  49  68  40  73  62  134  20  0  27  86  33  85  11  1  14  134  55  63  89  37  1  134  81  0  10  84  13  92  34  6  0  17  22  60  15  5  24  134  11  2  55  35  4  120  49
391.169  237.459  4.29001  -2.08391  65  0  0  128  26  0  42  112  23  18  108  60  63  53  8  4  104  0  0  135  99  2  13  135  132  60  22  38  39  38  2  3  101  2  0  98  135  3  0  70  135  12  3  35  8  2  11  80  70  7  4  7  135  1  0  15  119  0  19  40  4  0  57  74
27.8814  240.25  4.20706  -3.05364  17  16  18  32  88  16  22  39  156  3  1  27  4  8  4  0  37  18  35  96  138  9  121  156  156  0  4  56  13  1  4  6  6  37  49  123  156  81  42  75  156  13  0  14  20  1  3  6  19  57  3  4  88  75  0  1  156  9  0  7  24  4  0  1
404.842  241.245  4.50494  -2.20369  74  0  0  131  119  0  0  131  69  0  13  131  32  27  41  50  53  17  0  46  131  2  0  128  131  10  0  92  127  37  1  18  9  55  22  3  122  16  3  13  131  19  0  11  95  4  12  41  3  10  73  9  131  8  13  10  131  9  0  13  60  3  46  27
237.416  240.171  4.50134  -2.22312  23  61  50  1  51  34  149  16  131  35  3  6  49  33  0  0  2  49  96  0  73  13  153  22  153  10  7  19  57  26  2  2  9  21  107  2  78  33  153  3  153  27  10  1  60  37  6  1  3  2  62  35  39  71  153  9  153  67  8  0  33  15  12  2
237.416  240.171  4.50134  0.880051  12  2  38  18  12  0  157  74  157  12  33  63  54  40  3  2  4  0  71  39  20  1  157  30  157  4  59  26  86  3  11  18  1  1  67  28  18  20  157  10  157  21  50  14  70  0  2  48  0  0  48  37  12  8  137  38  157  16  30  33  33  0  28  73
303.165  242.877  4.1704  0.772505  4  7  9  43  4  6  55  69  9  53  81  48  23  57  106  8  14  1  65  134  134  19  18  134  86  117  28  4  18  134  80  0  45  134  67  71  134  134  0  38  113  28  3  7  4  36  10  16  23  134  8  1  86  89  0  11  24  9  10  10  1  2  12  19
249.875  244.775  4.18907  0.804566  1  0  126  58  106  7  40  99  65  89  13  8  17  119  5  2  6  0  146  52  146  6  62  34  146  25  5  4  2  6  26  14  10  4  146  17  146  21  54  7  136  2  6  28  0  0  26  12  12  10  130  13  146  19  26  14  63  0  1  55  2  0  18  67
352.688  245.055  4.17435  1.14965  0  1  87  38  54  21  92  67  141  79  8  4  17  74  25  1  3  4  141  46  141  33  67  45  141  48  1  2  5  2  13  8  4  12  141  15  141  11  80  24  141  4  5  21  0  4  25  5  2  35  123  14  141  53  43  10  141  7  0  20  4  3  13  2
376.871  245.377  4.09496  1.62636  7  70  96  0  5  134  102  0  10  134  4  0  11  134  1  0  6  23  104  9  87  103  94  6  73  134  0  0  9  134  7  0  0  2  109  16  134  5  72  16  130  19  1  9  0  16  16  2  0  4  116  10  134  2  48  31  110  2  0  15  1  2  10  2
438.978  243.902  3.95636  0.930053  23  0  93  116  77  0  7  128  17  0  15  128  0  1  92  119  7  0  128  58  128  7  28  116  77  12  18  97  5  31  47  46  4  11  128  14  128  27  18  10  81  5  33  42  7  5  45  107  1  5  126  13  38  8  7  47  22  0  42  119  1  0  54  82
36.9448  245.824  4.01168  1.05299  1  8  53  22  77  27  28  25  52  133  16  3  50  74  4  8  8  51  135  27  135  43  30  21  88  58  46  11  38  31  12  9  4  135  135  0  135  135  81  23  80  44  47  35  43  17  24  32  3  66  30  0  7  135  72  1  10  135  60  3  1  53  102  36
120.184  246.698  4.27839  0.50106  5  17  38  7  27  31  6  0  41  119  3  0  16  116  2  8  20  0  53  61  133  51  0  26  74  98  65  12  3  17  65  117  34  34  68  37  133  49  0  33  106  22  133  16  3  6  133  88  43  106  34  0  133  82  0  1  38  5  133  26  4  9  133  10
509.806  246.324  4.43792  -1.85094  69  64  29  8  132  132  2  2  132  132  1  1  36  69  38  0  132  132  13  2  132  94  18  46  132  35  3  23  55  62  13  13  132  81  4  1  45  80  25  13  132  18  3  27  54  0  7  49  76  66  0  4  18  60  26  0  59  24  20  21  63  0  0  26
248.654  229.88  4.61062  -1.97556  3  57  135  1  135  11  66  42  135  8  0  18  24  22  0  0  2  68  135  0  135  60  135  19  135  13  0  18  36  23  9  1  5  21  117  14  64  119  135  4  135  47  3  5  42  10  6  5  9  0  54  125  48  52  30  42  89  41  0  2  29  1  2  11
406.131  224.511  6.66554  -2.25219  110  1  0  132  132  2  5  132  58  36  16  32  34  26  1  3  92  23  9  24  132  11  0  36  109  11  7  79  31  1  1  64  86  39  40  1  132  23  8  10  58  1  70  103  92  0  4  90  36  104  26  0  132  45  33  5  41  6  132  66  110  0  3  51
393.683  227.644  6.64019  -2.22338  97  0  0  131  36  2  39  114  40  41  57  27  59  28  1  1  131  3  0  131  131  13  4  106  76  42  2  30  19  7  3  18  131  14  10  11  131  6  7  34  53  1  23  131  51  0  1  76  122  52  18  0  131  15  39  18  44  0  77  96  98  0  0  59
155.873  236.685  6.2927  -0.476216  9  28  32  21  95  11  10  31  136  2  0  44  43  15  1  15  28  136  44  16  79  108  72  8  136  16  2  19  68  0  0  32  39  22  60  136  78  67  36  102  136  44  3  56  44  0  0  81  58  31  18  77  87  19  0  123  55  6  0  136  48  1  0  136
90.0366  215.327  8.23782  0.85477  4  0  63  122  9  9  43  122  7  20  21  122  19  13  4  115  4  1  97  76  122  58  23  41  47  122  80  11  87  33  28  16  11  92  32  9  122  84  19  14  105  58  122  15  108  67  70  14  5  122  62  0  48  84  28  4  60  55  26  12  25  58  29  6
430.433  233.168  9.01402  -2.10632  20  9  19  127  111  5  0  127  127  2  5  126  48  12  3  32  21  82  32  6  92  61  17  18  127  6  8  47  55  0  25  110  53  65  8  8  48  127  26  0  127  76  34  6  50  20  100  55  77  114  1  1  21  127  12  0  44  95  28  7  11  44  89  10
458.587  233.86  7.77557  -0.49349  0  21  49  122  31  75  13  122  84  59  4  54  19  73  64  6  19  9  19  122  122  17  0  122  122  12  0  45  110  38  17  19  84  15  2  37  122  19  0  56  122  12  0  79  110  3  2  38  77  39  1  14  38  14  16  46  122  0  6  122  92  0  0  94
33.3485  236.495  8.06999  -3.08408  35  57  8  9  117  99  16  12  149  16  0  8  4  1  0  0  38  3  25  82  123  7  6  144  149  4  0  45  12  1  0  2  46  2  73  115  149  28  2  65  149  15  0  14  19  4  0  0  56  9  32  61  149  3  0  111  149  2  0  49  26  4  0  1
244.768  235.952  8.19325  -1.94871  73  31  40  34  86  67  79  3  127  53  0  0  64  18  1  1  120  127  45  4  114  80  127  13  127  25  3  12  48  16  12  9  54  66  40  11  63  95  127  26  127  47  13  4  18  5  34  14  4  26  127  50  105  51  67  94  105  51  7  4  5  5  39  9
341.56  239.865  8.46571  -1.92022  43  27  3  3  13  12  64  59  37  85  136  43  87  71  6  11  48  2  29  11  32  9  144  104  144  25  27  62  28  20  28  7  54  4  28  74  49  26  144  37  144  30  27  9  17  2  28  26  100  0  7  144  133  15  48  144  89  22  6  57  5  0  21  34
341.56  239.865  8.46571  1.1911  22  30  3  0  5  58  76  20  40  133  140  20  9  140  117  0  31  27  11  2  17  9  140  30  140  36  64  28  40  84  53  4  30  9  23  21  21  54  140  30  140  109  41  8  38  11  47  3  6  11  87  73  135  43  38  87  67  65  12  11  4  4  40  24
100.328  244.45  8.3023  -2.68755  122  20  2  19  51  31  28  38  56  22  7  37  17  12  11  69  122  49  38  13  81  7  122  122  122  9  51  65  15  4  67  91  61  43  57  72  85  24  111  52  122  17  98  65  32  1  122  99  0  95  65  29  19  72  29  33  38  46  54  109  23  36  55  29
336.952  242.514  8.44589  -1.96617  52  54  0  1  19  25  57  28  27  67  139  58  114  76  10  23  50  4  27  13  25  4  139  139  131  64  50  76  44  51  21  11  53  5  44  28  64  22  139  29  139  23  22  15  17  5  35  18  88  0  19  139  94  28  93  103  111  32  8  22  3  0  25  27
336.952  242.514  8.44589  1.20927  23  27  6  0  10  25  115  32  90  138  87  19  11  139  81  0  29  20  26  4  36  14  139  23  139  26  45  23  27  30  55  5  21  8  43  42  47  84  139  47  139  133  22  5  20  11  50  3  10  19  109  77  139  50  26  69  52  30  20  22  0  1  52  51
407.724  246.497  8.83985  -2.47707  61  0  6  130  130  0  0  130  60  4  10  57  10  6  61  37  37  47  27  53  130  15  1  130  130  11  7  124  38  44  20  23  10  90  31  0  130  61  19  5  130  32  2  43  56  10  0  55  10  104  32  0  97  107  23  1  76  17  49  68  94  0  3  56
399.197  227.905  12.9757  -2.7219  101  1  13  143  143  1  0  136  29  6  16  51  9  14  18  46  90  79  32  40  143  33  0  93  98  32  15  51  31  40  7  14  38  143  44  0  143  75  8  46  143  11  0  50  10  3  5  29  2  63  66  35  97  19  56  32  143  3  0  17  8  0  2  12
44.6715  233.366  16.8978  2.97263  92  66  19  10  77  79  27  5  141  100  6  0  42  9  0  0  45  31  41  35  141  15  1  87  141  36  0  12  23  3  0  0  5  120  119  17  141  113  21  53  141  42  0  5  10  2  0  0  0  68  56  4  107  139  15  0  141  38  0  0  2  0  0  0
508.404  214.539  21.7413  -1.00405  3  0  44  111  6  4  35  123  20  3  12  123  40  0  0  112  52  5  123  123  123  44  21  70  16  97  104  59  55  34  30  115  67  32  123  5  123  22  10  26  21  42  121  52  10  39  64  28  30  34  93  1  123  32  6  7  19  65  70  7  6  34  16  4
518.629  220.124  29.1976  -0.962781  37  0  33  72  3  0  40  128  35  0  8  128  58  0  0  124  35  2  128  128  128  17  46  128  30  38  88  110  97  3  13  128  27  31  128  14  128  37  40  10  34  36  128  8  21  7  30  15  9  34  80  11  102  43  19  2  22  17  20  1  0  1  2  0
